node : 100, edge : 3427
neighbor for each node:
2 3 5 6 7 8 10 11 12 13 15 16 17 19 20 21 22 24 25 26 27 28 29 30 31 32 35 36 37 40 41 42 43 45 49 50 53 54 55 57 58 59 60 61 62 63 64 66 68 70 71 72 73 74 75 76 78 79 81 82 83 85 86 87 88 89 92 94 95 96 97 98 99
2 3 5 6 7 8 9 11 12 14 16 17 18 19 23 24 25 26 29 31 33 34 35 37 38 39 41 42 43 44 45 46 47 48 49 50 52 53 54 57 59 60 64 65 67 68 69 70 72 73 74 75 78 79 80 81 85 86 87 89 90 93 94 96 97
0 1 3 4 5 8 9 11 12 13 14 16 17 18 19 21 23 24 25 26 27 28 29 30 31 34 36 37 38 39 42 43 45 47 48 49 50 52 53 54 56 57 58 59 62 63 64 65 66 67 68 69 70 71 72 73 74 76 77 78 80 81 82 83 84 85 86 87 88 89 90 93 95 96 97
0 1 2 4 5 6 12 14 16 17 18 19 20 21 23 24 25 26 27 28 29 34 35 36 39 40 41 42 43 44 45 46 47 48 49 50 51 52 54 55 56 61 62 64 65 67 68 69 73 74 75 76 77 80 83 86 89 90 91 94 95 96 97 98 99
2 3 5 6 9 11 12 14 15 16 19 20 21 22 24 25 27 29 30 31 33 34 35 36 37 38 39 40 41 42 43 44 45 47 49 51 52 53 54 56 57 58 59 61 64 66 67 68 71 72 76 77 78 80 81 82 83 84 86 87 88 90 92 94 95 96 98 99
0 1 2 3 4 6 7 8 9 10 20 21 22 23 24 25 26 28 29 31 32 33 34 35 36 37 39 41 42 43 44 46 47 49 51 53 54 57 59 60 63 64 67 68 69 70 71 72 73 74 75 76 77 78 79 80 81 82 83 88 89 90 92 94 95 96 97 98 99
0 1 3 4 5 7 9 10 11 13 14 15 16 17 18 19 21 22 23 27 31 32 34 36 38 39 40 41 44 45 46 47 48 49 52 53 54 55 60 62 63 64 65 67 68 69 72 73 74 77 78 79 80 82 83 84 85 86 88 89 90 91 93 94 95 97 98
0 1 5 6 9 11 13 14 15 17 18 20 21 23 24 25 26 27 28 29 30 32 33 34 35 37 38 39 41 42 43 45 46 47 48 50 51 53 56 57 60 61 62 63 64 65 68 70 72 73 74 77 78 79 81 84 85 87 88 89 91 92 93 94 96 97 98
0 1 2 5 9 11 13 14 15 16 17 19 20 22 23 24 25 27 28 30 32 33 34 35 36 37 38 43 44 45 46 48 49 50 51 52 53 54 55 57 58 59 60 61 63 64 65 67 69 70 71 72 73 75 76 77 78 79 80 81 82 84 85 86 87 88 90 91 92 95 96 97 98 99
1 2 4 5 6 7 8 11 12 13 17 20 21 22 23 24 25 27 28 29 30 31 32 33 34 35 37 38 39 42 43 45 46 47 48 52 54 55 56 57 58 59 61 62 63 64 67 68 69 70 71 72 73 75 77 78 81 82 83 84 85 87 88 90 91 92 93 94 95 96 97 98 99
0 5 6 13 14 17 19 20 21 22 24 26 29 30 31 32 33 35 37 39 40 42 43 44 46 47 48 51 52 53 55 56 59 60 62 67 69 71 72 73 74 75 76 80 82 83 85 86 87 88 89 90 91 92 93 94 95 96 97 98 99
0 1 2 4 6 7 8 9 12 13 14 15 16 17 20 21 22 24 25 26 27 28 29 30 32 33 34 35 37 38 41 43 44 45 48 49 51 52 53 54 55 60 62 64 65 68 70 71 73 74 75 77 78 80 81 83 84 85 86 87 88 89 90 92 93 94 97 99
0 1 2 3 4 9 11 13 14 15 17 18 22 23 24 25 26 29 32 34 35 38 39 41 42 43 44 45 47 51 52 54 55 56 58 59 60 61 62 64 65 67 68 69 70 71 72 73 74 77 79 81 82 84 85 86 87 88 91 92 96 97 99
0 2 6 7 8 9 10 11 12 14 15 16 19 20 21 23 24 26 27 29 33 34 35 39 41 42 43 46 47 48 51 52 54 55 56 58 59 61 62 63 64 65 67 69 70 71 72 75 76 77 80 82 84 85 86 88 89 90 91 92 93 94 95 96 97
1 2 3 4 6 7 8 10 11 12 13 15 16 17 18 19 20 21 22 23 25 26 27 28 30 32 33 34 37 40 42 43 45 47 48 49 50 52 54 56 57 59 60 61 62 63 64 65 66 68 69 70 71 72 73 74 75 76 77 79 80 81 82 83 84 85 87 88 89 91 92 93 97 98
0 4 6 7 8 11 12 13 14 16 17 19 21 24 25 26 27 28 29 32 35 36 37 39 40 44 47 52 53 54 55 56 57 58 59 60 61 62 64 67 68 69 70 71 72 73 75 76 77 78 79 81 82 85 86 87 89 90 91 92 93 94 95 96 98 99
0 1 2 3 4 6 8 11 13 14 15 17 18 19 21 22 25 27 31 32 34 35 36 38 39 40 44 47 48 49 50 52 54 55 56 57 58 59 65 66 67 68 69 70 71 72 73 74 76 77 79 81 83 85 86 88 89 91 92 93 94 96 99
0 1 2 3 6 7 8 9 10 11 12 14 15 16 20 21 22 24 26 28 30 31 33 34 37 38 39 40 43 45 46 47 48 49 50 51 52 54 55 56 57 59 60 61 62 64 65 67 68 69 70 71 72 74 75 76 77 78 83 84 85 86 87 89 92 93 94 95 96 97 99
1 2 3 6 7 12 14 16 20 21 22 23 24 27 29 30 31 32 35 36 37 38 39 40 41 42 45 46 48 50 51 53 54 56 57 58 59 61 62 63 64 66 67 68 69 70 71 74 75 80 81 84 85 86 87 88 90 93 94 95 96 98 99
0 1 2 3 4 6 8 10 13 14 15 16 20 21 22 23 25 26 27 29 30 31 32 34 35 36 39 40 41 43 45 47 49 50 51 53 54 55 56 57 59 60 61 62 63 64 65 66 67 68 69 70 71 72 74 75 76 77 78 80 81 83 88 89 90 93 94 95 96 99
0 3 4 5 7 8 9 10 11 13 14 17 18 19 21 23 25 27 28 29 30 31 32 33 34 35 36 38 39 40 42 43 44 46 47 49 50 51 52 54 55 56 57 59 60 62 63 64 65 66 67 69 70 72 74 75 78 80 83 84 85 87 88 89 90 91 92 93 94 95 96 98 99
0 2 3 4 5 6 7 9 10 11 13 14 15 16 17 18 19 20 23 24 25 27 28 32 34 38 40 43 45 46 47 48 49 50 51 52 53 55 58 59 62 63 64 66 68 69 70 73 74 75 77 80 81 82 83 85 86 87 89 90 92 95 96 97 98 99
0 4 5 6 8 9 10 11 12 14 16 17 18 19 24 26 27 29 30 32 33 38 40 41 43 44 45 46 47 48 49 50 51 52 54 55 56 57 60 62 64 65 66 68 69 70 71 72 73 75 76 77 83 84 85 87 88 89 90 91 92 93 96 97 98 99
1 2 3 5 6 7 8 9 12 13 14 18 19 20 21 24 25 26 28 29 30 32 33 36 37 38 39 41 42 43 45 47 48 49 50 51 52 53 54 56 57 58 59 60 61 64 65 66 68 69 70 72 74 78 79 80 81 82 83 85 86 87 88 89 91 94 95 97 98
0 1 2 3 4 5 7 8 9 10 11 12 13 15 17 18 21 22 23 26 28 29 30 31 32 33 34 36 37 38 39 40 41 43 44 45 46 47 49 51 52 53 54 55 56 57 58 60 61 62 63 64 65 67 68 69 71 72 73 74 76 78 81 82 83 84 86 87 88 89 90 91 93 94 95 97 99
0 1 2 3 4 5 7 8 9 11 12 14 15 16 19 20 21 23 26 27 30 31 33 35 36 37 39 40 41 42 43 44 45 47 48 49 52 53 54 56 57 58 59 60 61 62 63 64 66 67 68 69 70 72 73 74 75 81 82 84 85 86 87 88 90 91 95 96 97 98 99
0 1 2 3 5 7 10 11 12 13 14 15 17 19 22 23 24 25 28 30 31 32 33 34 36 38 40 43 47 48 50 53 55 57 58 60 61 62 63 64 65 66 68 71 72 73 74 75 76 77 78 81 82 83 84 86 87 88 89 90 92 93 95 97
0 2 3 4 6 7 8 9 11 13 14 15 16 18 19 20 21 22 25 29 31 32 33 35 37 38 39 43 44 45 46 47 48 49 52 54 55 56 57 58 59 62 63 64 66 67 68 69 70 72 74 75 76 77 80 81 83 84 85 86 88 90 93 94 95 96 98 99
0 2 3 5 7 8 9 11 14 15 17 20 21 23 24 26 29 31 32 33 35 37 38 39 40 42 43 44 46 47 49 51 52 54 55 56 57 59 61 62 63 64 65 66 67 68 69 70 72 73 74 75 76 79 81 83 84 85 86 87 88 91 92 93 94 95 96
0 1 2 3 4 5 7 9 10 11 12 13 15 18 19 20 22 23 24 27 28 30 31 33 34 35 37 41 42 43 44 45 46 47 48 49 50 51 54 56 57 58 59 61 63 64 65 68 69 70 71 74 75 76 77 78 79 80 81 82 84 85 86 87 88 89 90 91 92 93 94 95 96 97 98 99
0 2 4 7 8 9 10 11 14 17 18 19 20 22 23 24 25 26 29 31 33 39 40 41 43 44 45 46 47 48 50 51 52 53 54 59 61 62 65 67 69 70 71 72 74 75 76 79 80 81 82 84 86 88 90 91 92 93 95
0 1 2 4 5 6 9 10 16 17 18 19 20 24 25 26 27 28 29 30 32 34 35 36 38 39 40 42 45 47 48 49 52 53 55 56 57 59 60 61 62 66 67 68 69 70 71 72 73 76 77 78 79 80 81 82 83 84 85 86 88 89 90 91 92 95 98 99
0 5 6 7 8 9 10 11 12 14 15 16 18 19 20 21 22 23 24 26 27 28 31 33 34 35 36 38 39 41 43 44 46 47 48 49 51 52 53 54 55 56 57 58 60 62 64 66 67 69 70 71 72 74 75 76 77 78 79 80 81 82 83 84 85 86 87 89 90 92 94 96 97 99
1 4 5 7 8 9 10 11 13 14 17 20 22 23 24 25 26 27 28 29 30 32 35 36 37 38 39 43 44 45 46 48 50 52 53 54 55 56 59 60 62 63 64 65 69 71 72 73 74 75 76 77 78 79 80 81 82 87 92 94 95 96 97 98 99
1 2 3 4 5 6 7 8 9 11 12 13 14 16 17 19 20 21 24 26 29 31 32 36 37 38 39 40 41 42 43 45 46 48 49 52 53 57 58 60 61 63 64 66 67 68 70 71 72 73 74 75 78 79 80 83 85 87 88 89 90 91 92 93 94 95 96 97 98 99
0 1 3 4 5 7 8 9 10 11 12 13 15 16 18 19 20 25 27 28 29 31 32 33 36 37 39 40 42 43 44 45 46 47 48 49 50 51 52 56 58 60 61 62 64 65 66 67 68 72 73 74 75 76 77 78 79 80 81 82 83 86 87 88 89 90 91 94 95 96 97 98
0 2 3 4 5 6 8 15 16 18 19 20 23 24 25 26 31 32 33 34 35 38 40 41 46 47 48 49 50 51 52 53 54 55 58 60 64 65 66 67 68 69 71 72 73 74 75 76 78 79 80 81 82 84 85 87 88 89 91 92 93 94 97 98 99
0 1 2 4 5 7 8 9 10 11 14 15 17 18 23 24 25 27 28 29 33 34 35 38 40 41 42 44 46 47 48 49 50 52 53 54 55 56 57 58 60 61 62 63 66 67 68 69 70 71 72 73 74 76 78 79 80 85 86 87 88 91 95 96 97 98
1 2 4 6 7 8 9 11 12 16 17 18 20 21 22 23 24 26 27 28 31 32 33 34 36 37 39 40 41 42 46 48 51 53 58 60 61 62 65 66 67 68 69 70 71 72 73 74 76 77 78 80 81 82 83 84 85 86 87 88 89 90 91 92 94 95 97
1 2 3 4 5 6 7 9 10 12 13 15 16 17 18 19 20 23 24 25 27 28 30 31 32 33 34 35 38 40 41 42 43 44 45 46 48 49 53 54 56 58 61 63 65 66 68 69 70 72 73 74 75 76 77 78 79 82 84 85 86 87 88 89 92 96 97 98 99
0 3 4 6 10 14 15 16 17 18 19 20 21 22 24 25 26 28 30 31 34 35 36 37 38 39 42 43 44 45 46 47 49 50 51 52 53 54 55 56 57 59 60 61 62 64 65 67 68 69 70 71 72 73 75 76 77 79 81 83 86 87 88 89 91 92 93 94 95 97
0 1 3 4 5 6 7 11 12 13 18 19 22 23 24 25 29 30 32 34 36 37 38 39 42 44 48 49 51 52 54 55 56 57 60 61 63 64 66 67 69 70 71 74 75 76 77 78 79 80 81 82 84 85 86 88 89 90 92 94 95 96 99
0 1 2 3 4 5 7 9 10 12 13 14 18 20 23 25 28 29 31 34 35 37 38 39 40 41 43 46 47 48 50 51 52 53 54 55 56 58 59 60 61 63 64 66 68 69 70 71 73 74 75 76 77 79 80 82 84 85 86 87 88 90 91 92 94 96 97 99
0 1 2 3 4 5 7 8 9 10 11 12 13 14 17 19 20 21 22 23 24 25 26 27 28 29 30 32 33 34 35 39 40 42 44 45 46 47 48 49 51 52 53 56 58 59 60 61 62 64 67 69 70 71 72 73 75 76 77 79 80 82 84 85 86 88 89 92 96 98 99
1 3 4 5 6 8 10 11 12 15 16 20 22 24 25 27 28 29 30 32 33 35 37 39 40 41 43 45 46 47 48 49 50 51 52 53 54 56 57 60 61 62 63 64 66 67 68 69 70 72 73 74 75 76 77 78 79 80 82 83 86 87 88 89 94 95 96 99
0 1 2 3 4 6 7 8 9 11 12 14 17 18 19 21 22 23 24 25 27 29 30 31 33 34 35 39 40 43 44 47 48 50 52 53 54 55 56 57 58 59 60 61 62 63 64 66 68 69 71 72 73 74 75 76 77 78 79 82 83 85 88 89 91 92 94 96 98 99
1 3 5 6 7 8 9 10 13 17 18 20 21 22 24 27 28 29 30 32 33 34 35 36 37 38 39 40 42 43 44 47 48 49 51 52 53 56 57 58 60 61 62 63 64 66 69 70 72 76 77 78 79 80 81 82 83 84 88 90 91 92 93 94 95 96 98 99
1 2 3 4 5 6 7 9 10 12 13 14 15 16 17 19 20 21 22 23 24 25 26 27 28 29 30 31 32 35 36 37 40 42 43 44 45 46 48 50 51 52 53 55 56 57 59 60 61 62 63 64 65 68 70 71 72 73 74 75 76 79 80 81 82 83 84 85 86 87 89 90 92 93 94 96 99
1 2 3 6 7 8 9 10 11 13 14 16 17 18 21 22 23 25 26 27 29 30 31 32 33 34 35 36 37 38 39 41 42 43 44 45 46 47 49 50 51 53 54 55 57 58 60 61 62 64 66 67 68 69 70 71 73 74 75 76 77 78 79 80 81 83 87 88 90 92 93 94 96 98
0 1 2 3 4 5 6 8 11 14 16 17 19 20 21 22 23 24 25 27 28 29 31 32 34 35 36 37 39 40 41 43 44 46 48 50 51 52 53 56 57 58 59 60 62 63 66 67 68 69 70 71 74 75 76 77 78 80 81 84 85 87 88 89 91 93 95 96 98
0 1 2 3 7 8 14 16 17 18 19 20 21 22 23 26 29 30 33 35 36 37 40 42 44 45 47 48 49 51 53 54 55 58 61 62 63 64 66 67 68 70 71 73 75 77 78 79 81 82 83 84 85 87 89 91 92 95 96 98 99
3 4 5 7 8 10 11 12 13 17 18 19 20 21 22 23 24 28 29 30 32 35 36 38 40 41 42 43 44 46 47 48 49 50 52 55 56 57 58 59 60 61 62 63 64 66 67 68 69 71 74 76 77 78 80 81 82 87 88 90 92 94 95 97 99
1 2 3 4 6 8 9 10 11 12 13 14 15 16 17 20 21 22 23 24 25 27 28 30 31 32 33 34 35 36 37 40 41 42 43 44 45 46 47 49 51 55 56 58 59 62 63 64 65 66 67 68 69 70 71 73 74 76 78 80 81 82 83 84 85 88 90 91 95
0 1 2 4 5 6 7 8 10 11 15 18 19 21 23 24 25 26 30 31 32 33 34 36 37 38 39 40 42 43 44 45 46 47 48 49 50 54 55 56 57 58 59 60 61 63 64 65 66 67 68 69 70 71 72 76 78 80 81 82 84 85 89 90 91 92 94 95 97
0 1 2 3 4 5 6 8 9 11 12 13 14 15 16 17 18 19 20 22 23 24 25 27 28 29 30 32 33 36 37 39 40 41 42 44 45 48 50 53 56 57 59 60 61 62 63 65 66 67 69 70 71 72 73 75 76 77 78 79 80 82 83 84 85 86 89 90 92 93 94 95 96 97 98
0 3 6 8 9 10 11 12 13 15 16 17 19 20 21 22 24 26 27 28 31 32 33 36 37 40 41 42 45 47 48 50 51 52 53 58 59 60 65 66 67 68 70 71 72 73 74 76 77 78 80 82 83 84 86 87 88 89 90 91 92 97 99
2 3 4 7 9 10 12 13 14 15 16 17 18 19 20 22 23 24 25 27 28 29 31 32 33 35 37 39 40 41 42 43 44 45 46 47 49 51 52 53 54 57 58 59 60 62 63 64 65 66 68 70 71 72 73 75 77 78 79 80 81 82 83 84 85 87 88 89 91 92 93 94 95 97 98 99
0 1 2 4 5 7 8 9 14 15 16 17 18 19 20 22 23 24 25 26 27 28 29 31 32 34 37 40 41 44 45 46 47 48 49 51 53 54 56 59 60 61 64 65 67 68 70 71 72 74 75 77 78 79 80 82 83 84 85 86 87 88 90 91 93 94 95 97
0 2 4 8 9 12 13 15 16 18 21 23 24 25 26 27 29 32 34 35 36 37 38 39 42 43 45 46 48 49 50 51 52 53 55 56 60 61 62 65 66 69 70 71 72 74 77 78 79 80 82 83 85 86 89 90 91 92 93 95
0 1 2 4 5 8 9 10 12 13 14 15 16 17 18 19 20 21 23 25 27 28 29 30 31 33 40 42 43 45 47 49 51 52 53 54 55 56 57 60 62 63 64 65 67 69 70 76 77 79 81 82 83 84 86 87 88 89 90 91 92 93 94 96 97 99
0 1 5 6 7 8 10 11 12 14 15 17 19 20 22 23 24 25 26 31 32 33 34 35 36 37 38 40 41 42 43 44 45 46 47 48 49 51 53 54 55 56 57 58 59 61 62 63 65 66 67 69 71 72 73 74 77 78 79 81 82 86 87 88 90 92 93 94 95
0 3 4 7 8 9 12 13 14 15 17 18 19 23 24 25 26 28 29 30 31 34 35 37 38 39 40 41 42 43 44 45 46 47 48 50 51 53 54 57 58 60 64 65 68 69 71 72 73 74 75 76 78 79 80 81 83 84 85 86 87 90 92 94 95 96 98
0 2 3 6 7 9 10 11 12 13 14 15 17 18 19 20 21 22 24 25 26 27 28 30 31 32 33 35 37 38 40 43 44 45 46 47 48 49 50 51 52 54 56 58 59 60 63 64 65 66 67 68 69 70 71 72 73 75 76 77 78 80 81 83 86 88 89 90 92 93 95 96 97 99
0 2 5 6 7 8 9 13 14 18 19 20 21 24 25 26 27 28 29 33 34 37 39 41 42 44 45 46 47 49 50 51 52 53 54 56 59 60 62 64 67 68 69 72 73 74 75 76 77 79 80 81 82 83 84 85 86 87 88 89 90 91 92 93 94 95 96 97 98 99
0 1 2 3 4 5 6 7 8 9 11 12 13 14 15 17 18 19 20 21 22 23 24 25 26 27 28 29 32 33 34 35 36 40 41 42 43 44 45 46 47 48 50 51 52 53 56 57 59 61 62 63 69 70 71 73 74 75 78 80 82 84 85 86 88 89 90 91 92 93 94 95 97 98 99
1 2 3 6 7 8 11 12 13 14 16 17 19 20 22 23 24 26 28 29 30 33 35 36 38 39 40 47 52 53 54 55 56 57 58 59 60 61 62 66 67 68 69 70 71 72 74 75 76 78 80 82 83 86 87 88 89 90 91 94 95 97 98 99
0 2 4 14 16 18 19 20 21 22 23 25 26 27 28 31 32 34 35 36 37 38 39 41 42 44 45 46 48 49 50 51 52 53 54 55 56 58 60 62 65 67 68 69 70 72 73 74 76 77 82 83 87 89 92 93 95 96 97 98
1 2 3 4 5 6 8 9 10 12 13 15 16 17 18 19 20 24 25 27 28 30 31 32 34 35 36 37 38 40 41 43 44 48 49 50 51 52 53 54 55 57 59 60 62 63 65 66 68 69 70 71 73 74 76 78 80 81 82 83 84 86 88 91 92 93 95 97 99
0 1 2 3 4 5 6 7 9 11 12 14 15 16 17 18 19 21 22 23 24 25 26 27 28 29 31 34 35 36 37 38 39 40 42 44 45 47 48 49 50 51 52 53 55 56 57 61 62 63 65 66 67 71 73 74 75 76 78 80 81 82 86 89 90 91 92 93 96 97 98
1 2 3 5 6 8 9 10 12 13 14 15 16 17 18 19 20 21 22 23 24 25 27 28 29 30 31 32 33 36 37 38 39 40 41 42 43 44 45 46 48 49 51 52 53 54 58 59 60 61 62 63 64 65 66 67 71 73 74 75 78 79 80 82 83 84 85 87 88 89 92 93 94 95 96 97 98
0 1 2 5 7 8 9 11 12 13 14 15 16 17 18 19 20 21 22 23 25 27 28 29 30 31 32 34 37 38 39 40 41 42 43 44 46 47 48 49 50 52 53 54 55 56 57 58 59 62 64 65 66 67 73 74 78 80 81 83 84 85 86 88 89 90 91 92 94 95 96 97 98 99
0 2 4 5 8 9 10 11 12 13 14 15 16 17 18 19 22 24 26 29 30 31 32 33 34 36 37 38 40 41 42 43 45 47 48 49 50 51 52 53 54 55 56 57 58 60 61 62 64 65 67 68 69 74 75 78 79 80 81 82 84 86 87 90 91 92 96 97 98 99
0 1 2 4 5 6 7 8 9 10 12 13 14 15 16 17 19 20 22 23 24 25 26 27 28 30 31 32 33 34 35 36 37 38 39 40 43 44 45 46 47 53 54 55 56 57 58 60 61 62 63 65 66 74 76 77 79 80 81 85 86 87 88 89 90 95 97 98 99
0 1 2 3 5 6 7 8 9 10 11 12 14 15 16 21 22 24 25 26 28 31 33 34 35 36 37 38 39 40 42 43 44 45 47 48 50 52 54 55 56 60 61 62 63 64 66 67 68 69 70 74 75 76 77 78 79 81 82 83 84 86 88 89 91 92 93 95 96 97 99
0 1 2 3 5 6 7 10 11 12 14 16 17 18 19 20 21 23 24 25 26 27 28 29 30 32 33 34 35 36 37 38 39 41 42 44 45 47 48 49 51 52 55 57 58 60 61 63 64 65 66 67 68 69 70 71 72 73 75 76 77 78 80 81 82 83 84 86 88 89 90 91 92 93 95 96 97 98 99
0 1 3 5 8 9 10 11 13 14 15 17 18 19 20 21 22 25 26 27 28 29 30 32 33 34 35 36 39 40 41 42 43 44 45 47 48 49 50 54 56 57 61 62 63 64 65 68 69 71 73 74 76 77 78 79 80 81 82 83 86 88 89 90 93 94 96 97 98 99
0 2 3 4 5 8 10 13 14 15 16 17 19 22 24 26 27 28 29 30 31 32 33 35 36 37 38 39 40 41 42 43 44 45 46 47 48 49 51 52 53 54 55 59 61 62 63 65 66 67 68 72 73 74 75 77 78 79 80 82 84 86 87 89 90 92 93 94 95 96 97 99
2 3 4 5 6 7 8 9 11 12 13 14 15 16 17 19 21 22 26 27 29 31 32 33 35 38 39 40 41 42 43 44 45 46 48 49 50 51 54 55 56 57 58 59 60 62 63 66 72 73 74 75 76 78 80 81 83 84 85 86 87 90 91 92 93 94 96 97
0 1 2 4 5 6 7 8 9 11 15 17 19 20 23 24 26 29 31 32 33 34 35 36 37 38 39 41 44 45 46 48 49 50 51 52 53 54 55 56 57 58 60 61 62 64 65 67 68 69 70 71 73 74 75 76 77 80 81 83 84 86 87 89 90 92 93 94 96 97 99
0 1 5 6 7 8 12 14 15 16 23 28 29 30 31 32 33 34 35 36 37 39 40 41 42 43 44 45 46 47 48 50 54 56 57 58 59 60 61 63 69 71 72 73 75 76 81 83 84 85 87 89 90 93 94 95 99
1 2 3 4 5 6 8 10 11 13 14 18 19 20 21 23 27 29 30 31 32 33 34 35 36 37 38 41 42 43 44 46 47 48 49 51 52 53 54 55 56 57 58 61 62 63 64 65 67 68 69 70 71 72 74 75 76 77 78 84 85 86 87 88 89 90 91 92 93 94 95 96 97 98 99
0 1 2 4 5 7 8 9 11 12 14 15 16 18 19 21 23 24 25 26 27 28 29 30 31 32 33 35 36 38 40 41 46 47 48 49 50 51 52 53 56 59 60 61 62 63 67 68 70 71 72 73 74 75 77 78 79 83 84 85 86 87 88 89 90 93 94 95 96 97 98 99
0 2 4 5 6 8 9 10 12 13 14 15 21 23 24 25 26 29 30 31 32 33 35 36 38 39 41 42 43 44 45 46 47 50 51 52 53 54 55 56 57 58 59 60 63 64 65 66 67 68 69 71 73 74 75 76 84 87 88 89 91 92 93 94 97 98 99
0 2 3 4 5 6 9 10 11 14 16 17 19 20 21 22 23 24 26 27 28 31 32 34 35 38 40 44 45 46 47 48 50 52 54 55 56 57 58 59 61 62 63 65 66 67 69 70 73 74 75 77 78 79 81 84 85 86 89 90 92 93 94 96 97 98 99
2 4 6 7 8 9 11 12 13 14 17 18 20 22 24 25 26 27 28 29 30 31 32 36 38 39 41 42 43 46 47 49 50 52 53 54 55 56 57 59 61 63 64 67 69 70 71 73 74 76 77 78 79 80 81 82 83 85 86 87 88 89 91 92 93 94 96 99
0 1 2 6 7 8 9 10 11 12 13 14 15 16 17 18 20 21 22 23 25 27 28 29 31 32 34 36 37 38 39 41 42 43 45 47 49 50 52 53 54 56 57 58 61 63 64 69 70 72 77 79 80 81 83 84 88 89 91 92 93 94 96 97 98 99
0 1 2 3 4 6 8 10 11 12 13 15 16 17 18 21 23 24 25 26 27 28 29 30 31 32 35 37 38 39 40 41 42 43 44 47 54 55 57 58 59 60 61 62 63 64 65 67 68 70 71 72 73 74 75 76 77 78 80 81 83 84 87 88 93 94 97 98 99
0 1 2 4 7 8 9 10 11 12 14 15 17 18 20 21 22 23 24 25 26 28 29 32 33 34 35 36 37 38 39 40 42 44 47 48 49 50 51 55 56 57 59 60 61 63 65 66 69 71 72 76 77 78 79 80 81 82 84 86 89 91 92 96 97 98 99
0 2 4 5 6 7 8 9 10 11 12 13 14 16 18 19 20 22 23 24 25 26 27 28 29 30 31 34 35 36 37 38 39 40 41 42 43 44 45 46 48 49 51 52 55 56 57 59 60 62 63 64 65 67 69 70 72 73 74 75 80 81 82 84 85 86 89 90 91 95 97 99
0 1 2 3 5 6 7 10 11 13 14 15 16 17 19 20 21 22 23 24 26 29 31 32 34 35 36 38 39 40 41 43 44 45 47 49 50 53 54 55 56 58 59 62 63 64 65 66 68 69 70 72 73 74 75 76 78 79 80 81 82 83 84 85 87 88 90 92 93 94 95 96 98 99
1 2 3 4 5 6 8 9 10 11 13 15 18 19 20 21 22 24 25 26 27 29 30 31 32 34 35 38 41 42 46 47 48 51 52 53 54 55 57 58 59 60 61 62 63 64 65 68 70 71 72 74 75 76 77 78 79 80 81 83 88 89 91 92 94 95 96 98
3 6 7 8 9 10 12 13 14 15 16 20 22 23 24 25 28 29 30 31 34 35 36 37 38 40 42 45 46 49 50 52 53 55 56 57 58 59 63 64 65 67 68 70 71 73 74 77 80 82 84 85 87 88 90 94 96
0 4 5 7 8 9 10 11 12 13 14 15 16 17 20 21 22 26 28 29 30 31 32 33 34 36 38 39 40 41 42 43 45 46 47 48 50 51 53 54 55 56 58 59 60 61 62 63 64 66 67 68 69 70 71 73 74 76 77 78 80 82 83 84 85 87 89 90 93 96 97 98
1 2 6 7 9 10 11 13 14 15 16 17 18 19 20 22 24 26 27 28 29 30 34 36 40 46 47 48 49 54 56 57 58 59 60 62 63 64 66 67 68 69 73 74 75 76 77 78 79 80 81 82 83 84 85 86 89 92 95 98 99
0 1 3 4 5 6 7 9 10 11 13 15 16 17 18 19 20 23 24 27 28 29 32 33 34 35 36 38 40 41 42 44 45 46 47 48 51 53 54 56 57 59 60 61 63 64 65 69 70 75 76 77 78 79 80 81 82 83 84 85 86 89 90 91 96 97 98 99
0 2 3 4 5 6 8 9 10 13 15 17 18 19 20 21 23 24 25 26 27 28 29 30 31 33 34 35 37 38 40 41 44 46 49 50 51 52 53 54 56 57 58 60 61 62 63 64 65 66 67 69 70 72 73 74 76 79 80 81 88 89 90 93 97 98
0 1 2 3 4 5 7 8 9 10 12 13 15 16 17 18 19 20 21 22 25 27 28 29 32 33 34 35 37 39 41 42 43 44 45 46 47 48 49 50 54 59 61 62 63 66 68 69 70 71 73 74 75 76 77 78 80 81 83 84 85 87 89 90 91 92 94 97 98
0 1 2 3 5 6 7 8 9 10 11 12 13 14 17 21 22 23 24 25 26 29 32 33 34 35 36 37 38 39 40 42 51 53 54 55 56 57 59 62 63 64 65 66 67 68 69 70 71 72 73 74 75 76 77 78 80 81 82 83 85 86 87 88 92 94 95 96 99
0 3 4 5 6 7 8 9 10 14 15 18 20 21 22 23 25 27 29 31 33 34 35 36 37 39 43 45 46 48 49 50 54 56 61 63 64 65 66 68 69 70 71 72 74 75 80 81 82 83 85 86 87 89 90 92 93 94 95 96 99
0 3 4 5 8 9 10 11 12 15 16 17 18 19 20 21 22 24 25 27 29 31 32 33 34 36 39 41 42 43 44 45 46 47 50 51 55 56 59 62 63 64 65 67 70 71 72 73 74 75 76 78 79 80 81 82 83 84 85 86 87 88 89 93 94 97 98

100 color is feasible, tried 25 step
99 color is feasible, tried 1 step
98 color is feasible, tried 2 step
97 color is feasible, tried 0 step
96 color is feasible, tried 0 step
95 color is feasible, tried 0 step
94 color is feasible, tried 1 step
93 color is feasible, tried 0 step
92 color is feasible, tried 0 step
91 color is feasible, tried 1 step
90 color is feasible, tried 1 step
89 color is feasible, tried 0 step
88 color is feasible, tried 1 step
87 color is feasible, tried 1 step
86 color is feasible, tried 0 step
85 color is feasible, tried 1 step
84 color is feasible, tried 0 step
83 color is feasible, tried 2 step
82 color is feasible, tried 1 step
81 color is feasible, tried 0 step
80 color is feasible, tried 1 step
79 color is feasible, tried 1 step
78 color is feasible, tried 0 step
77 color is feasible, tried 2 step
76 color is feasible, tried 1 step
75 color is feasible, tried 0 step
74 color is feasible, tried 2 step
73 color is feasible, tried 2 step
72 color is feasible, tried 1 step
71 color is feasible, tried 2 step
70 color is feasible, tried 1 step
69 color is feasible, tried 0 step
68 color is feasible, tried 0 step
67 color is feasible, tried 1 step
66 color is feasible, tried 0 step
65 color is feasible, tried 2 step
64 color is feasible, tried 1 step
63 color is feasible, tried 1 step
62 color is feasible, tried 0 step
61 color is feasible, tried 0 step
60 color is feasible, tried 1 step
59 color is feasible, tried 1 step
58 color is feasible, tried 2 step
57 color is feasible, tried 1 step
56 color is feasible, tried 3 step
55 color is feasible, tried 2 step
54 color is feasible, tried 1 step
53 color is feasible, tried 2 step
52 color is feasible, tried 1 step
51 color is feasible, tried 4 step
50 color is feasible, tried 2 step
49 color is feasible, tried 1 step
48 color is feasible, tried 1 step
47 color is feasible, tried 1 step
46 color is feasible, tried 3 step
45 color is feasible, tried 2 step
44 color is feasible, tried 3 step
43 color is feasible, tried 1 step
42 color is feasible, tried 2 step
41 color is feasible, tried 2 step
40 color is feasible, tried 3 step
39 color is feasible, tried 2 step
38 color is feasible, tried 2 step
37 color is feasible, tried 3 step
36 color is feasible, tried 3 step
35 color is feasible, tried 4 step
34 color is feasible, tried 3 step
33 color is feasible, tried 5 step
32 color is feasible, tried 8 step
31 color is feasible, tried 8 step
30 color is feasible, tried 6 step
29 color is feasible, tried 21 step
28 color is feasible, tried 11 step
27 color is feasible, tried 9 step
26 color is feasible, tried 44 step
25 color is feasible, tried 74 step
24 color is feasible, tried 303 step
23 color is feasible, tried 748 step
22 color is feasible, tried 44657 step
[Color   21][Retry     1] reinitializing color
[Color   21][Retry     2] reinitializing color
[Color   21][Retry     3] reinitializing color
[Color   21][Retry     4] reinitializing color
[Color   21][Retry     5] reinitializing color
[Color   21][Retry     6] reinitializing color
[Color   21][Retry     7] reinitializing color
[Color   21][Retry     8] reinitializing color
[Color   21][Retry     9] reinitializing color
[Color   21][Retry    10] reinitializing color
[Color   21][Retry    11] reinitializing color
[Color   21][Retry    12] reinitializing color
[Color   21][Retry    13] reinitializing color
[Color   21][Retry    14] reinitializing color
[Color   21][Retry    15] reinitializing color
[Color   21][Retry    16] reinitializing color
[Color   21][Retry    17] reinitializing color
[Color   21][Retry    18] reinitializing color
[Color   21][Retry    19] reinitializing color
[Color   21][Retry    20] reinitializing color
[Color   21][Retry    21] reinitializing color
[Color   21][Retry    22] reinitializing color
[Color   21][Retry    23] reinitializing color
[Color   21][Retry    24] reinitializing color
[Color   21][Retry    25] reinitializing color
[Color   21][Retry    26] reinitializing color
[Color   21][Retry    27] reinitializing color
[Color   21][Retry    28] reinitializing color
[Color   21][Retry    29] reinitializing color
[Color   21][Retry    30] reinitializing color
[Color   21][Retry    31] reinitializing color
[Color   21][Retry    32] reinitializing color
[Color   21][Retry    33] reinitializing color
[Color   21][Retry    34] reinitializing color
[Color   21][Retry    35] reinitializing color
[Color   21][Retry    36] reinitializing color
[Color   21][Retry    37] reinitializing color
[Color   21][Retry    38] reinitializing color
[Color   21][Retry    39] reinitializing color
[Color   21][Retry    40] reinitializing color
[Color   21][Retry    41] reinitializing color
[Color   21][Retry    42] reinitializing color
[Color   21][Retry    43] reinitializing color
[Color   21][Retry    44] reinitializing color
[Color   21][Retry    45] reinitializing color
[Color   21][Retry    46] reinitializing color
[Color   21][Retry    47] reinitializing color
[Color   21][Retry    48] reinitializing color
[Color   21][Retry    49] reinitializing color
[Color   21][Retry    50] reinitializing color
[Color   21][Retry    51] reinitializing color
[Color   21][Retry    52] reinitializing color
[Color   21][Retry    53] reinitializing color
[Color   21][Retry    54] reinitializing color
[Color   21][Retry    55] reinitializing color
[Color   21][Retry    56] reinitializing color
[Color   21][Retry    57] reinitializing color
[Color   21][Retry    58] reinitializing color
[Color   21][Retry    59] reinitializing color
[Color   21][Retry    60] reinitializing color
[Color   21][Retry    61] reinitializing color
[Color   21][Retry    62] reinitializing color
[Color   21][Retry    63] reinitializing color
[Color   21][Retry    64] reinitializing color
[Color   21][Retry    65] reinitializing color
[Color   21][Retry    66] reinitializing color
[Color   21][Retry    67] reinitializing color
[Color   21][Retry    68] reinitializing color
[Color   21][Retry    69] reinitializing color
[Color   21][Retry    70] reinitializing color
[Color   21][Retry    71] reinitializing color
[Color   21][Retry    72] reinitializing color
[Color   21][Retry    73] reinitializing color
[Color   21][Retry    74] reinitializing color
[Color   21][Retry    75] reinitializing color
[Color   21][Retry    76] reinitializing color
[Color   21][Retry    77] reinitializing color
[Color   21][Retry    78] reinitializing color
[Color   21][Retry    79] reinitializing color
[Color   21][Retry    80] reinitializing color
[Color   21][Retry    81] reinitializing color
[Color   21][Retry    82] reinitializing color
[Color   21][Retry    83] reinitializing color
[Color   21][Retry    84] reinitializing color
[Color   21][Retry    85] reinitializing color
[Color   21][Retry    86] reinitializing color
[Color   21][Retry    87] reinitializing color
[Color   21][Retry    88] reinitializing color
[Color   21][Retry    89] reinitializing color
[Color   21][Retry    90] reinitializing color
[Color   21][Retry    91] reinitializing color
[Color   21][Retry    92] reinitializing color
[Color   21][Retry    93] reinitializing color
[Color   21][Retry    94] reinitializing color
[Color   21][Retry    95] reinitializing color
[Color   21][Retry    96] reinitializing color
[Color   21][Retry    97] reinitializing color
[Color   21][Retry    98] reinitializing color
[Color   21][Retry    99] reinitializing color
22 0
8 6 11 21 1 13 11 19 0 16 4 7 18 1 10 16 14 1 4 13 17 9 17 8 12 4 9 15 15 9 15 5 1 20 4 11 19 17 3 9 18 14 2 5 8 14 14 20 13 3 7 10 13 10 5 3 7 2 20 12 15 6 6 18 3 4 16 9 0 7 21 21 21 1 5 12 7 4 18 3 16 17 17 19 8 12 10 5 20 15 8 6 11 21 0 19 10 15 2 11
