node : 100, edge : 4461
neighbor for each node:
2 3 4 5 6 7 9 10 11 12 13 14 15 16 17 18 19 20 21 22 23 24 25 26 27 28 29 30 31 32 34 35 36 37 38 39 40 43 44 45 46 47 48 50 51 52 53 54 55 56 57 58 59 60 61 62 63 64 65 67 68 69 70 71 72 73 74 75 76 77 79 80 81 82 83 84 85 86 87 88 89 90 91 92 93 94 95 96 97
2 4 5 6 7 8 9 10 11 12 13 14 15 16 17 18 19 20 21 22 23 25 26 27 28 29 30 31 32 33 34 35 36 37 38 40 41 42 43 44 45 46 47 48 49 50 51 53 54 56 57 58 59 60 61 62 64 66 67 68 69 70 71 72 73 74 75 76 77 78 79 80 81 82 83 84 86 87 88 89 90 91 92 93 94 95 96 97 99
0 1 4 5 6 7 8 9 10 11 12 13 14 15 16 17 18 19 20 22 23 24 25 26 27 28 29 31 32 33 34 36 37 38 39 40 41 42 43 44 45 46 47 48 49 50 52 53 54 55 56 57 58 60 61 62 63 65 66 67 68 70 71 72 73 74 75 76 77 78 79 80 82 83 84 85 86 87 88 89 90 91 92 93 94 95 96 97 98 99
0 4 5 6 7 8 9 10 11 12 13 15 16 17 18 19 20 22 23 24 25 26 27 28 29 30 31 32 33 34 35 36 37 38 39 41 43 44 45 46 47 48 49 51 53 54 55 56 57 58 59 60 61 62 63 64 65 66 67 68 69 70 72 73 74 75 76 79 80 81 82 83 84 85 86 87 88 89 90 91 92 93 94 95 96 98
0 1 2 3 5 6 8 9 10 11 12 13 14 15 16 17 18 19 20 21 24 25 26 27 28 29 30 31 32 33 34 35 36 37 39 41 42 43 44 45 46 47 48 49 50 51 53 54 55 56 57 58 59 60 61 63 64 65 66 68 69 70 71 72 73 74 75 76 77 78 79 80 81 82 83 84 85 86 87 88 89 90 91 92 93 94 95 96 97 98 99
0 1 2 3 4 6 7 8 10 11 12 13 14 16 17 18 19 20 21 22 23 24 25 26 28 29 30 31 32 33 34 35 36 38 39 41 42 43 44 45 46 47 48 49 50 51 52 53 54 55 56 57 58 59 60 61 62 63 64 65 67 68 69 70 71 72 73 74 75 76 77 78 79 80 82 83 84 85 86 87 90 91 92 93 94 95 96 97 99
0 1 2 3 4 5 7 8 9 10 14 16 17 18 19 21 22 23 24 25 26 28 29 30 31 32 33 34 35 36 37 38 40 41 42 43 44 45 46 47 48 49 50 51 52 53 54 55 56 57 58 59 60 61 62 63 64 65 66 67 68 69 70 71 72 73 76 77 78 79 80 82 83 84 85 86 87 88 89 90 91 92 93 94 95 96 97 98 99
0 1 2 3 5 6 9 10 11 12 13 14 15 16 17 18 19 20 21 22 23 25 26 27 28 29 30 31 32 33 34 35 36 37 39 42 43 44 46 47 48 49 50 51 52 53 54 55 56 57 58 60 61 62 63 64 65 69 70 71 72 73 74 75 76 77 78 80 81 82 83 84 85 86 87 88 89 90 91 92 93 94 95 96 97 98 99
1 2 3 4 5 6 9 10 11 12 13 15 16 18 19 20 22 23 25 26 27 28 29 30 31 33 34 35 36 37 38 39 40 41 42 43 44 45 46 47 49 50 51 52 53 54 55 56 57 58 59 61 62 63 64 65 66 67 68 70 71 72 73 74 75 76 77 78 79 80 81 82 83 84 85 86 87 88 89 90 91 92 93 95 96 97 98 99
0 1 2 3 4 6 7 8 11 12 13 14 15 16 17 18 19 20 22 23 24 25 26 27 28 29 30 32 33 34 36 37 38 39 42 43 44 45 46 47 48 49 51 53 55 56 57 58 59 61 62 63 64 65 66 68 69 70 72 73 74 75 78 80 81 83 84 85 86 87 88 89 90 92 93 95 96 97 98 99
0 1 2 3 4 5 6 7 8 11 12 13 14 15 16 17 18 19 20 21 22 24 25 26 27 28 29 30 31 32 33 36 37 38 39 40 41 42 43 44 45 46 47 48 49 50 52 53 54 55 56 57 58 59 60 62 63 64 65 66 68 69 70 71 72 74 75 76 77 78 79 80 81 82 85 86 87 88 89 90 91 92 93 94 95 96 98 99
0 1 2 3 4 5 7 8 9 10 12 13 14 15 16 17 18 19 20 21 22 23 24 26 27 28 29 30 32 34 35 36 38 39 40 42 43 44 45 46 47 48 49 50 51 52 53 54 55 56 57 58 59 60 61 62 63 64 65 66 67 68 69 70 71 72 73 74 75 76 78 79 80 81 82 83 84 85 86 87 88 89 90 92 93 94 96 97 98 99
0 1 2 3 4 5 7 8 9 10 11 13 14 15 16 17 18 19 20 21 22 23 24 25 26 28 29 30 31 32 33 34 35 36 37 38 39 40 41 42 43 44 45 47 48 50 52 53 54 55 56 57 58 59 60 61 63 64 65 66 67 68 69 70 71 72 73 74 75 76 77 78 79 80 81 82 84 85 86 87 88 89 90 92 93 95 96 97 98 99
0 1 2 3 4 5 7 8 9 10 11 12 14 15 16 17 18 19 20 21 22 23 24 25 26 28 29 30 32 33 34 35 37 39 40 41 43 44 47 48 49 50 51 52 53 54 55 56 57 58 59 60 62 63 65 67 68 69 71 72 73 74 75 76 77 78 79 80 81 82 83 84 85 86 87 88 89 90 91 92 93 94 95 96 97 99
0 1 2 4 5 6 7 9 10 11 12 13 15 16 17 18 19 20 22 23 25 26 27 28 29 30 31 32 33 34 35 37 38 39 40 41 42 44 45 46 47 48 49 50 51 52 53 54 55 56 57 58 59 61 62 63 64 65 66 68 69 70 71 73 74 75 76 77 78 79 80 81 82 83 85 86 87 89 90 91 92 93 94 95 97 98 99
0 1 2 3 4 7 8 9 10 11 12 13 14 16 17 18 20 21 22 23 24 25 26 27 28 29 30 31 32 33 34 36 37 38 39 40 41 42 43 44 45 46 48 49 50 51 52 54 55 56 57 58 59 60 63 64 65 66 67 68 69 72 73 74 75 76 78 79 80 81 82 83 84 85 86 87 88 89 90 91 92 93 94 95 96 97 98
0 1 2 3 4 5 6 7 8 9 10 11 12 13 14 15 17 18 19 20 21 22 23 24 25 26 27 28 29 30 31 32 33 34 35 36 37 38 39 40 41 42 43 44 45 46 47 48 49 50 51 52 53 54 55 56 57 58 59 60 61 62 63 64 65 66 67 69 70 71 72 73 74 75 76 78 79 80 81 82 83 84 86 87 88 89 90 91 93 94 95 96 98 99
0 1 2 3 4 5 6 7 9 10 11 12 13 14 15 16 18 19 20 21 22 23 24 25 26 27 28 29 30 31 33 34 35 36 37 38 39 40 41 42 43 44 45 46 47 48 49 50 51 54 55 56 57 58 59 60 61 62 63 64 65 66 67 68 69 70 71 72 74 75 76 77 78 79 80 81 82 83 84 85 86 87 88 89 90 91 92 93 94 95 96 97 98 99
0 1 2 3 4 5 6 7 8 9 10 11 12 13 14 15 16 17 20 22 23 24 25 26 27 29 31 32 35 36 37 39 40 41 42 43 44 45 46 47 48 49 50 51 52 53 54 55 56 57 58 59 60 61 62 63 64 65 66 67 68 69 70 71 72 73 74 75 77 78 79 80 81 82 83 84 85 86 87 89 90 91 92 93 94 95 96 97 98 99
0 1 2 3 4 5 6 7 8 9 10 11 12 13 14 16 17 22 23 24 25 27 28 29 30 31 32 33 34 35 36 37 38 39 40 41 42 43 44 45 46 47 48 49 50 51 52 53 54 55 56 57 58 59 60 61 62 63 64 65 66 67 68 69 70 71 72 73 74 75 76 77 78 79 80 81 82 83 84 85 86 87 88 89 90 91 92 93 94 96 97 98 99
0 1 2 3 4 5 7 8 9 10 11 12 13 14 15 16 17 18 21 22 23 24 25 26 27 28 29 30 31 33 34 35 37 39 40 41 42 43 44 45 46 47 48 50 51 52 53 54 55 56 57 58 59 60 61 62 65 66 67 70 71 72 73 74 75 76 78 79 80 81 82 83 84 85 86 87 88 89 90 91 92 93 94 95 96 97 98
0 1 4 5 6 7 10 11 12 13 15 16 17 20 22 23 24 25 27 28 29 30 31 32 33 34 35 36 37 38 39 40 41 42 43 44 45 46 48 50 51 52 54 55 56 57 59 60 62 64 65 66 67 68 69 70 71 72 73 74 75 76 77 78 79 81 82 83 84 85 86 87 88 89 91 92 94 95 97 98 99
0 1 2 3 5 6 7 8 9 10 11 12 13 14 15 16 17 18 19 20 21 23 24 25 26 27 28 29 30 32 33 35 36 37 38 39 40 41 45 47 49 51 52 53 54 55 56 57 58 59 60 61 62 63 64 65 66 68 69 70 71 72 73 74 75 76 77 78 79 80 81 82 83 84 86 87 88 89 90 91 92 93 94 95 96 97 98 99
0 1 2 3 5 6 7 8 9 11 12 13 14 15 16 17 18 19 20 21 22 24 25 27 28 29 30 31 32 33 34 35 36 37 38 39 40 41 45 46 47 48 49 50 51 52 53 54 55 56 57 58 59 60 61 62 63 64 65 66 67 68 69 70 71 72 73 74 75 77 78 79 80 81 82 83 84 85 86 89 90 91 92 93 94 95 97 98 99
0 2 3 4 5 6 9 10 11 12 13 15 16 17 18 19 20 21 22 23 25 26 27 28 29 30 31 32 34 36 37 38 39 41 42 43 44 45 47 48 49 50 51 52 53 54 55 56 58 59 60 61 63 64 65 66 67 68 69 70 71 72 73 74 75 76 77 78 79 80 81 82 83 84 85 86 87 88 89 92 93 94 95 96 97 98 99
0 1 2 3 4 5 6 7 8 9 10 12 13 14 15 16 17 18 19 20 21 22 23 24 26 27 28 29 30 31 32 33 35 36 37 38 40 42 43 44 46 47 48 49 50 51 52 53 54 55 56 57 58 59 60 61 62 63 64 65 67 68 69 71 72 73 74 76 77 78 79 80 81 82 83 84 85 86 87 88 89 90 91 92 93 94 96 97 98 99
0 1 2 3 4 5 6 7 8 9 10 11 12 13 14 15 16 17 18 20 22 24 25 27 28 29 30 31 32 33 34 35 36 37 38 39 40 41 43 44 45 46 47 48 49 50 51 52 53 54 55 56 57 58 59 60 61 62 63 65 66 67 68 69 70 71 72 73 74 75 76 77 78 79 80 81 83 84 85 86 87 88 89 90 91 92 93 94 95 96 97 98 99
0 1 2 3 4 7 8 9 10 11 14 15 16 17 18 19 20 21 22 23 24 25 26 28 29 30 31 32 33 34 35 36 38 39 40 41 42 43 44 45 46 47 48 49 50 51 52 53 56 57 58 59 60 61 62 63 66 67 68 69 70 71 74 75 76 77 78 79 80 81 82 83 84 85 86 88 89 90 91 92 93 94 95 97 98 99
0 1 2 3 4 5 6 7 8 9 10 11 12 13 14 15 16 17 19 20 21 22 23 24 25 26 27 29 30 31 32 33 34 35 36 37 38 39 40 42 43 45 46 48 49 50 52 54 56 57 58 59 60 61 62 63 64 65 66 67 68 69 70 71 72 73 74 75 76 77 78 79 80 81 82 84 85 86 87 88 89 90 91 92 93 95 96 97 99
0 1 2 3 4 5 6 7 8 9 10 11 12 13 14 15 16 17 18 19 20 21 22 23 24 25 26 27 28 30 31 33 35 37 39 40 41 42 43 44 45 46 47 48 49 50 51 52 53 54 55 56 57 58 59 60 61 62 63 64 65 66 67 68 69 70 71 73 74 75 76 77 78 79 80 81 82 83 84 85 86 87 88 89 91 92 93 94 95 96 97 98 99
0 1 3 4 5 6 7 8 9 10 11 12 13 14 15 16 17 19 20 21 22 23 24 25 26 27 28 29 31 32 33 34 35 36 37 38 39 40 41 42 43 47 49 50 51 52 53 54 56 57 58 59 60 61 62 63 64 65 66 69 70 71 73 74 75 76 77 78 79 80 81 82 83 84 85 86 87 88 89 90 91 92 93 94 95 96 97 98 99
0 1 2 3 4 5 6 7 8 10 12 14 15 16 17 18 19 20 21 23 24 25 26 27 28 29 30 32 33 34 35 36 37 38 39 40 41 42 43 44 45 46 47 48 50 52 53 54 55 56 57 58 59 60 61 62 63 64 65 66 67 68 70 71 72 73 74 76 77 78 79 81 82 85 86 87 88 89 90 91 92 93 94 95 96 97 98 99
0 1 2 3 4 5 6 7 9 10 11 12 13 14 15 16 18 19 21 22 23 24 25 26 27 28 30 31 34 35 36 37 38 39 40 41 42 43 45 46 47 48 49 50 51 52 53 54 55 56 57 59 60 61 62 63 64 65 66 67 68 69 70 72 73 74 75 76 77 79 80 81 82 83 84 85 86 87 88 89 91 92 93 95 96 98 99
1 2 3 4 5 6 7 8 9 10 12 13 14 15 16 17 19 20 21 22 23 25 26 27 28 29 30 31 34 35 36 37 39 40 41 42 43 44 45 46 47 48 50 51 52 53 54 55 56 57 58 59 60 61 62 64 65 67 68 70 71 73 74 76 77 78 79 80 81 82 83 84 85 86 87 89 90 91 92 93 94 95 96 97 98 99
0 1 2 3 4 5 6 7 8 9 11 12 13 14 15 16 17 19 20 21 23 24 26 27 28 30 31 32 33 35 36 37 38 39 40 41 42 43 44 45 46 47 48 49 50 51 52 53 54 55 56 58 59 60 61 62 63 64 65 66 68 69 70 71 72 73 74 75 76 77 78 79 80 81 82 83 84 85 86 87 89 90 91 92 93 94 95 96 97 98 99
0 1 3 4 5 6 7 8 11 12 13 14 16 17 18 19 20 21 22 23 25 26 27 28 29 30 31 32 33 34 36 37 38 39 41 42 43 44 45 46 47 48 49 50 51 52 53 54 55 57 58 59 60 62 63 64 65 66 67 68 70 72 73 74 75 76 77 78 80 81 82 83 84 85 86 87 88 89 90 91 92 93 94 97 98 99
0 1 2 3 4 5 6 7 8 9 10 11 12 15 16 17 18 19 21 22 23 24 25 26 27 28 30 31 32 33 34 35 37 38 39 40 41 42 43 45 46 47 48 49 50 51 52 53 54 55 56 57 58 59 60 61 62 63 64 65 66 67 68 69 70 71 72 73 75 76 77 78 79 80 81 82 83 85 86 87 88 89 90 91 92 93 94 95 97 98 99
0 1 2 3 4 6 7 8 9 10 12 13 14 15 16 17 18 19 20 21 22 23 24 25 26 28 29 30 31 32 33 34 35 36 38 39 40 41 42 44 45 46 47 48 49 50 51 52 54 55 56 57 58 59 60 62 63 64 65 66 69 70 71 72 73 75 76 77 78 79 80 81 82 83 84 85 87 88 89 91 92 93 94 96 97 99
0 1 2 3 5 6 8 9 10 11 12 14 15 16 17 19 21 22 23 24 25 26 27 28 30 31 32 34 35 36 37 39 40 41 42 43 44 45 46 47 48 49 50 51 52 53 54 55 56 57 58 59 60 61 62 63 64 65 66 67 68 69 70 71 72 73 74 75 76 77 79 80 81 82 83 84 85 87 88 89 90 91 92 93 94 95 96 97 99
0 2 3 4 5 7 8 9 10 11 12 13 14 15 16 17 18 19 20 21 22 23 24 26 27 28 29 30 31 32 33 34 35 36 37 38 40 41 42 43 44 45 46 47 48 49 50 51 52 53 54 55 56 57 58 59 60 61 62 63 64 67 68 69 70 72 73 74 75 76 77 78 79 80 81 83 84 85 86 87 88 89 90 91 92 94 95 97 98 99
0 1 2 6 8 10 11 12 13 14 15 16 17 18 19 20 21 22 23 25 26 27 28 29 30 31 32 33 34 36 37 38 39 41 43 44 45 46 48 49 50 51 52 53 54 55 56 57 58 59 60 61 62 63 64 65 66 67 68 69 70 71 72 73 74 75 76 78 79 80 81 82 83 84 85 86 87 88 89 90 91 93 94 95 97 98 99
1 2 3 4 5 6 8 10 12 13 14 15 16 17 18 19 20 21 22 23 24 26 27 29 30 31 32 33 34 35 36 37 38 39 40 42 43 44 45 46 47 48 49 51 53 54 56 57 58 60 62 63 64 65 66 67 68 69 70 71 72 73 74 75 76 77 78 79 80 81 82 84 85 86 87 88 89 90 91 92 93 94 95 96 97 98
1 2 4 5 6 7 8 9 10 11 12 14 15 16 17 18 19 20 21 24 25 27 28 29 30 31 32 33 34 35 36 37 38 39 41 43 44 45 46 48 49 50 51 52 53 54 55 57 58 59 60 61 62 63 64 65 67 68 69 70 71 73 74 75 76 77 78 79 80 81 82 83 84 85 86 87 88 89 90 91 92 93 94 95 96 97 98 99
0 1 2 3 4 5 6 7 8 9 10 11 12 13 15 16 17 18 19 20 21 24 25 26 27 28 29 30 31 32 33 34 35 36 38 39 40 41 42 44 45 46 47 48 49 50 51 52 53 54 55 57 58 59 60 61 62 63 64 65 67 68 69 70 71 72 73 74 75 76 78 79 80 81 82 83 84 85 86 87 89 90 91 93 94 95 96 97 98 99
0 1 2 3 4 5 6 7 8 9 10 11 12 13 14 15 16 17 18 19 20 21 24 25 26 27 29 31 33 34 35 37 38 39 40 41 42 43 45 46 47 48 49 50 51 52 53 54 55 56 57 58 59 60 61 62 64 66 67 68 69 70 71 72 73 74 75 76 77 78 79 80 81 82 84 85 86 87 88 89 90 91 92 93 94 95 96 97 98 99
0 1 2 3 4 5 6 8 9 10 11 12 14 15 16 17 18 19 20 21 22 23 24 26 27 28 29 31 32 33 34 35 36 37 38 39 40 41 42 43 44 46 47 48 49 50 51 52 53 54 55 57 58 59 60 61 62 63 64 65 66 69 70 71 72 73 74 75 76 77 78 79 80 81 82 83 84 85 86 87 88 90 91 92 93 94 95 96 97 98 99
0 1 2 3 4 5 6 7 8 9 10 11 14 15 16 17 18 19 20 21 23 25 26 27 28 29 31 32 33 34 35 36 37 38 39 40 41 42 43 44 45 47 48 49 50 52 53 54 55 56 57 58 59 60 61 62 63 64 65 66 67 68 70 71 72 74 75 76 77 78 79 80 81 82 83 84 85 86 87 88 89 90 91 94 95 96 97 98 99
0 1 2 3 4 5 6 7 8 9 10 11 12 13 14 16 17 18 19 20 22 23 24 25 26 27 29 30 31 32 33 34 35 36 37 38 39 41 43 44 45 46 48 49 50 51 52 53 54 55 57 58 59 60 61 62 63 64 65 67 68 69 70 71 72 73 74 75 76 77 78 79 80 81 82 83 86 87 88 89 90 91 93 94 95 97 98 99
0 1 2 3 4 5 6 7 9 10 11 12 13 14 15 16 17 18 19 20 21 23 24 25 26 27 28 29 31 32 33 34 35 36 37 38 39 40 41 42 43 44 45 46 47 49 50 51 52 53 54 55 56 59 60 61 64 65 66 67 69 70 71 72 73 74 75 76 77 78 80 81 82 83 84 85 86 87 88 89 90 91 92 93 94 95 96 97 98 99
1 2 3 4 5 6 7 8 9 10 11 13 14 15 16 17 18 19 22 23 24 25 26 27 28 29 30 32 34 35 36 37 38 39 40 41 42 43 44 45 46 47 48 50 51 52 53 54 55 56 57 58 59 61 62 63 64 66 67 68 69 70 71 72 73 75 76 77 78 79 80 81 82 84 85 86 87 88 89 90 91 92 93 94 95 96 98 99
0 1 2 4 5 6 7 8 10 11 12 13 14 15 16 17 18 19 20 21 23 24 25 26 27 28 29 30 31 32 33 34 35 36 37 38 39 40 42 43 44 45 46 47 48 49 51 52 53 54 55 56 57 59 60 61 63 64 65 66 67 68 69 70 71 73 74 75 78 79 80 81 83 84 85 86 87 88 89 90 91 92 93 94 95 96 97 98 99
0 1 3 4 5 6 7 8 9 11 13 14 15 16 17 18 19 20 21 22 23 24 25 26 27 29 30 32 33 34 35 36 37 38 39 40 41 42 43 44 45 47 48 49 50 52 53 54 56 57 58 59 60 61 62 63 64 65 66 68 69 71 72 73 74 75 76 77 78 79 81 82 83 84 85 86 87 88 89 90 92 93 94 95 96 97 98 99
0 2 5 6 7 8 10 11 12 13 14 15 16 18 19 20 21 22 23 24 25 26 27 28 29 30 31 32 33 34 35 36 37 38 39 40 42 43 44 45 46 47 48 49 50 51 53 54 55 56 57 58 59 60 61 62 63 64 65 67 68 69 70 71 72 73 74 76 77 78 79 80 81 82 83 85 86 87 89 90 91 92 93 94 95 96 97 98 99
0 1 2 3 4 5 6 7 8 9 10 11 12 13 14 16 18 19 20 22 23 24 25 26 27 29 30 31 32 33 34 35 36 38 39 40 41 42 43 44 45 46 47 48 49 50 51 52 54 55 56 57 58 60 61 62 63 64 65 66 67 68 69 70 71 72 73 74 75 76 77 78 79 80 81 82 83 84 85 86 87 88 89 90 91 92 93 94 95 96 97 98
0 1 2 3 4 5 6 7 8 10 11 12 13 14 15 16 17 18 19 20 21 22 23 24 25 26 28 29 30 31 32 33 34 35 36 37 38 39 40 41 42 43 44 45 46 47 48 49 50 51 52 53 55 56 58 59 60 61 62 63 64 65 66 67 68 69 70 72 73 74 75 76 77 78 79 80 81 82 84 85 86 87 88 89 90 91 92 93 94 95 96 97 98 99
0 2 3 4 5 6 7 8 9 10 11 12 13 14 15 16 17 18 19 20 21 22 23 24 25 26 29 31 32 33 34 35 36 37 38 39 40 42 43 44 45 46 47 48 49 50 52 53 54 56 57 58 59 60 61 62 63 64 65 66 68 69 70 71 72 73 74 75 76 77 78 79 80 83 84 85 86 87 88 90 91 92 93 95 96 97 98 99
0 1 2 3 4 5 6 7 8 9 10 11 12 13 14 15 16 17 18 19 20 21 22 23 24 25 26 27 28 29 30 31 32 33 34 36 37 38 39 40 41 44 46 48 49 50 51 52 53 54 55 57 58 59 60 61 63 64 65 66 67 68 69 70 71 72 73 74 75 76 77 78 79 81 82 83 84 85 86 87 88 89 90 91 92 93 94 95 96 97 98 99
0 1 2 3 4 5 6 7 8 9 10 11 12 13 14 15 16 17 18 19 20 21 22 23 25 26 27 28 29 30 31 32 33 35 36 37 38 39 40 41 42 43 44 45 46 47 49 50 51 52 53 55 56 58 59 60 61 62 63 64 65 66 67 68 69 70 71 72 73 74 75 76 77 78 79 80 81 82 83 84 85 86 87 88 89 90 91 92 93 94 95 96 97 98 99
0 1 2 3 4 5 6 7 8 9 10 11 12 13 14 15 16 17 18 19 20 22 23 24 25 26 27 28 29 30 31 33 34 35 36 37 38 39 40 41 42 43 44 45 46 47 49 51 52 53 54 55 56 57 59 60 61 62 63 64 65 66 67 68 69 70 71 72 73 74 75 76 77 78 79 80 81 82 83 84 85 86 87 88 89 90 91 92 94 95 96 97 98 99
0 1 3 4 5 6 8 9 10 11 12 13 14 15 16 17 18 19 20 21 22 23 24 25 26 27 28 29 30 31 32 33 34 35 36 37 38 39 40 42 43 44 45 46 47 48 49 50 51 52 54 55 56 57 58 60 61 62 63 64 65 66 67 68 69 70 71 72 73 74 75 76 77 78 79 80 81 82 83 84 85 86 87 88 89 90 91 92 93 94 95 97 98 99
0 1 2 3 4 5 6 7 10 11 12 13 15 16 17 18 19 20 21 22 23 24 25 26 27 28 29 30 31 32 33 34 35 36 37 38 39 40 41 42 43 44 45 46 47 48 50 51 52 53 54 55 56 57 58 59 61 62 63 64 66 67 68 69 70 71 72 73 75 76 77 78 79 80 81 82 83 84 85 88 89 90 91 92 93 94 95 96 97 98 99
0 1 2 3 4 5 6 7 8 9 11 12 14 16 17 18 19 20 22 23 24 25 26 27 28 29 30 31 32 33 34 36 38 39 40 42 43 44 45 46 47 48 49 50 51 52 53 54 55 56 57 58 59 60 62 63 65 66 67 69 70 71 72 73 74 76 77 78 79 80 81 82 83 84 86 88 89 90 91 92 93 94 95 96 97 98 99
0 1 2 3 5 6 7 8 9 10 11 13 14 16 17 18 19 20 21 22 23 25 26 27 28 29 30 31 32 33 34 35 36 37 38 39 40 41 42 43 44 45 46 47 49 51 52 53 54 55 57 58 59 60 61 63 64 65 66 67 68 69 70 71 72 73 74 75 76 77 78 79 82 83 84 85 86 87 88 89 90 91 92 93 94 95 98 99
0 2 3 4 5 6 7 8 9 10 11 12 13 14 15 16 17 18 19 22 23 24 25 26 27 28 29 30 31 32 34 35 36 37 38 39 40 41 42 43 45 46 47 49 50 51 52 53 54 55 56 57 58 59 60 61 62 64 65 66 67 68 69 70 71 72 73 74 76 77 78 79 80 81 83 84 85 86 88 89 90 91 92 93 94 95 96 97 98 99
0 1 3 4 5 6 7 8 9 10 11 12 14 15 16 17 18 19 21 22 23 24 25 28 29 30 31 32 33 34 35 36 37 38 39 40 41 42 43 44 45 46 47 48 49 50 51 52 53 54 55 56 57 58 59 60 62 63 65 66 67 68 69 70 71 73 74 75 76 77 79 80 81 82 83 85 86 87 88 89 90 91 94 95 96 97 98
0 2 3 4 5 6 7 8 9 10 11 12 13 14 15 16 17 18 19 20 21 22 23 24 25 26 28 29 30 31 32 33 34 35 36 37 38 40 41 42 43 45 46 47 48 50 51 52 53 54 55 56 57 58 59 61 62 63 64 66 67 68 69 71 72 73 74 75 77 78 79 81 82 83 84 85 86 87 88 89 90 91 92 93 94 95 97 98 99
1 2 3 4 6 8 9 10 11 12 14 15 16 17 18 19 20 21 22 23 24 26 27 28 29 30 31 32 34 35 36 37 38 40 41 44 45 46 48 49 50 51 53 54 55 56 57 58 59 60 61 62 63 64 65 67 68 69 70 71 72 73 74 75 76 77 79 80 81 82 83 84 85 86 87 88 89 91 92 93 94 95 96 97 98
0 1 2 3 5 6 8 11 12 13 15 16 17 18 19 20 21 23 24 25 26 27 28 29 31 32 33 35 36 38 39 40 41 42 43 44 46 47 48 49 50 52 53 54 56 57 58 59 60 61 62 63 64 65 66 68 69 70 71 72 73 74 75 76 77 78 79 80 81 82 83 84 85 86 87 88 89 90 91 92 93 94 95 97 98 99
0 1 2 3 4 5 6 8 9 10 11 12 13 14 15 17 18 19 21 22 23 24 25 26 27 28 29 31 32 33 34 35 36 38 39 40 41 42 43 44 46 47 49 50 51 52 53 54 55 56 57 58 59 60 62 63 64 65 66 67 69 70 71 72 73 74 77 78 79 80 81 82 83 84 85 86 88 89 90 91 92 93 94 95 96 97 98 99
0 1 3 4 5 6 7 9 10 11 12 13 14 15 16 17 18 19 21 22 23 24 25 26 27 28 29 30 32 34 36 37 38 39 40 41 42 43 44 45 47 48 49 50 51 52 53 54 55 56 57 58 59 60 61 62 63 64 65 66 67 68 70 71 72 73 74 76 77 78 79 81 82 83 84 85 86 87 88 90 91 92 93 94 96 97 98 99
0 1 2 3 4 5 6 7 8 9 10 11 12 14 16 17 18 19 20 21 22 23 24 26 27 28 29 30 31 32 33 34 35 36 37 38 39 40 41 42 43 44 45 46 47 48 49 50 52 53 54 55 56 57 58 59 60 61 62 63 64 66 67 68 69 71 72 73 74 75 76 77 78 79 80 81 82 83 84 85 86 87 88 89 90 91 92 93 94 95 96 97 98 99
0 1 2 4 5 6 7 8 10 11 12 13 14 16 17 18 19 20 21 22 23 24 25 26 27 28 29 30 31 33 34 36 37 38 40 41 42 43 44 45 46 47 48 49 50 51 52 53 55 56 57 58 59 60 61 62 63 64 65 66 67 68 69 70 72 73 74 75 76 77 79 80 81 82 83 84 85 86 87 88 89 90 92 94 95 96 97 98 99
0 1 2 3 4 5 6 7 8 9 10 11 12 13 15 16 17 18 19 20 21 22 23 24 25 26 28 31 32 34 35 36 37 38 39 40 41 43 44 45 46 47 48 49 51 52 53 54 55 56 57 58 59 60 61 62 63 65 66 67 68 69 70 71 73 74 75 77 78 79 80 81 82 83 84 86 87 88 89 90 91 92 93 94 96 97 98 99
0 1 2 3 4 5 6 7 8 9 11 12 13 14 15 16 18 19 20 21 22 23 24 25 26 28 29 30 31 32 33 34 35 36 37 38 39 40 41 42 43 44 45 47 48 49 50 51 52 53 54 55 56 57 58 59 60 61 62 63 64 65 66 67 68 69 70 71 72 74 75 76 79 80 81 82 83 84 85 86 87 88 89 90 91 92 93 95 97
0 1 2 3 4 5 7 8 9 10 11 12 13 14 15 16 17 18 19 20 21 22 23 24 25 26 27 28 29 30 31 32 33 34 35 38 39 40 41 42 43 44 45 46 47 48 50 51 52 53 54 55 56 57 58 59 61 62 63 64 65 66 67 68 69 70 71 72 73 75 76 77 78 79 80 81 82 83 84 85 86 87 88 89 91 92 93 94 95 96 97 98
0 1 2 3 4 5 7 8 9 10 11 12 13 14 15 16 17 18 19 20 21 22 23 24 26 27 28 29 30 32 34 35 36 37 38 39 40 41 42 43 44 45 46 47 48 49 50 51 53 54 55 56 57 58 59 60 62 64 65 66 67 70 71 72 73 74 76 77 78 79 80 82 83 84 85 86 87 89 90 91 92 93 94 95 96 97 98 99
0 1 2 3 4 5 6 7 8 10 11 12 13 14 15 16 17 19 20 21 22 24 25 26 27 28 29 30 31 32 33 34 35 36 37 38 39 40 41 42 43 44 45 46 47 48 49 51 52 53 54 55 56 57 58 59 60 61 62 63 64 66 67 69 70 71 73 74 75 77 78 79 80 81 82 83 84 85 86 87 88 89 90 92 93 94 95 96 97 99
0 1 2 4 5 6 7 8 10 12 13 14 17 18 19 21 22 23 24 25 26 27 28 29 30 31 32 33 34 35 36 37 38 39 41 42 44 45 46 47 48 49 51 52 53 54 55 56 57 58 59 60 61 62 63 64 65 66 67 68 69 70 71 72 74 75 76 78 79 80 81 82 83 84 85 86 88 89 90 91 92 93 94 95 97 98 99
1 2 4 5 6 7 8 9 10 11 12 13 14 15 16 17 18 19 20 21 22 23 24 25 26 27 28 29 30 31 33 34 35 36 37 39 40 41 42 43 44 45 46 47 48 49 50 51 52 53 54 55 56 57 58 59 60 61 62 63 65 67 68 69 70 72 74 75 76 77 79 80 81 82 83 84 85 86 87 88 89 90 91 92 93 94 95 96 97 98 99
0 1 2 3 4 5 6 8 10 11 12 13 14 15 16 17 18 19 20 21 22 23 24 25 26 27 28 29 30 31 32 33 34 36 37 38 39 40 41 42 43 44 45 46 47 49 50 51 52 53 54 55 56 57 58 59 60 61 62 63 64 65 66 67 68 69 70 71 72 73 74 75 76 77 78 80 82 84 85 86 87 88 89 90 91 92 93 94 95 96 98 99
0 1 2 3 4 5 6 7 8 9 10 11 12 13 14 15 16 17 18 19 20 22 23 24 25 26 27 28 29 30 32 33 34 35 36 37 38 39 40 41 42 43 44 45 46 47 48 49 50 52 53 54 55 57 58 59 60 61 63 64 66 67 68 70 71 72 73 74 75 76 77 78 79 81 82 84 85 86 87 88 89 90 91 92 93 94 95 96 97 98 99
0 1 3 4 7 8 9 10 11 12 13 14 15 16 17 18 19 20 21 22 23 24 25 26 27 28 29 30 31 32 33 34 35 36 37 38 39 40 41 42 43 44 45 46 47 48 49 50 51 52 53 54 56 57 58 59 60 61 63 64 65 66 67 68 69 70 71 72 73 74 76 77 78 80 82 83 84 85 87 88 89 90 91 92 93 94 95 96 97 98
0 1 2 3 4 5 6 7 8 10 11 12 13 14 15 16 17 18 19 20 21 22 23 24 25 27 28 29 30 31 32 33 34 35 36 37 38 40 41 42 43 44 45 46 47 48 49 51 52 53 54 56 57 58 59 60 61 62 64 65 66 67 68 69 70 71 72 73 74 75 76 77 78 79 80 81 83 84 85 87 88 89 90 91 92 94 95 96 97 98 99
0 1 2 3 4 5 6 7 8 9 11 13 14 15 16 17 18 19 20 21 22 23 24 25 26 27 29 30 32 33 34 35 36 37 38 39 40 42 43 45 46 47 48 50 51 52 53 55 56 57 58 59 60 61 62 63 64 65 66 67 68 69 70 71 72 73 74 75 76 77 78 81 82 84 85 86 87 88 89 90 91 92 93 94 95 96 97 98 99
0 1 2 3 4 5 6 7 8 9 11 12 13 15 16 17 18 19 20 21 22 23 24 25 26 27 28 29 30 32 33 34 35 37 38 39 40 41 42 43 44 45 46 48 49 50 51 53 54 55 56 57 58 59 60 61 62 63 65 66 67 68 69 70 71 72 73 74 75 76 77 78 79 80 81 82 83 86 87 88 89 90 91 92 94 95 96 97 98 99
0 2 3 4 5 6 7 8 9 10 11 12 13 14 15 17 18 19 20 21 23 24 25 26 27 28 29 30 31 32 33 34 35 36 37 38 39 40 41 42 43 44 45 46 48 49 50 51 52 53 54 55 56 57 58 59 60 62 63 64 65 66 67 68 69 70 71 73 74 75 76 77 78 79 80 81 82 83 86 87 89 90 91 92 93 94 95 96 97 98 99
0 1 2 3 4 5 6 7 8 9 10 11 12 13 14 15 16 17 18 19 20 21 22 23 24 25 26 27 28 29 30 31 32 33 34 35 36 39 40 41 42 43 44 45 46 47 48 49 50 51 52 53 54 55 56 57 58 59 61 62 63 64 65 66 67 68 69 70 71 72 73 74 75 76 77 78 79 80 83 84 85 87 88 89 90 91 93 94 95 97 98 99
0 1 2 3 4 5 6 7 8 9 10 11 12 13 14 15 16 17 18 19 20 21 22 24 25 26 28 29 30 31 32 33 34 35 36 37 38 39 40 41 42 43 44 45 46 47 48 49 50 51 52 53 54 55 56 57 58 59 62 64 65 66 67 69 70 71 72 73 74 75 76 78 79 80 81 82 83 84 85 86 88 89 90 91 92 93 95 96 97 98
0 1 2 3 4 6 7 8 9 10 11 12 13 15 16 17 19 20 21 22 24 25 26 27 28 29 30 31 32 35 36 37 38 39 40 41 42 44 45 46 47 48 49 50 51 53 54 55 56 57 58 59 60 61 62 63 64 65 66 67 68 69 70 71 72 73 74 76 77 78 79 80 81 82 83 84 86 87 89 90 91 92 93 94 95 96 97 98 99
0 1 2 3 4 6 7 8 9 10 11 12 13 14 15 16 17 18 19 20 21 22 23 24 25 26 27 28 29 30 31 32 33 34 35 36 37 38 39 40 41 42 43 44 46 47 48 49 50 51 52 53 54 56 57 58 59 60 61 62 63 64 65 66 67 68 70 71 72 73 74 75 76 77 78 79 80 81 82 83 84 85 86 87 88 90 91 92 93 94 95 97 98 99
0 1 2 3 4 5 6 7 8 9 10 11 12 13 14 15 16 17 18 19 20 22 23 25 26 27 28 30 31 33 34 35 36 38 39 40 41 42 43 44 45 46 47 48 49 50 51 52 53 54 55 56 57 58 59 60 61 62 63 64 65 67 68 69 70 71 72 73 75 76 77 78 79 80 81 82 83 84 85 86 87 88 89 91 92 93 94 95 96 97 98 99
0 1 2 3 4 5 6 7 8 10 13 14 15 16 17 18 19 20 21 22 23 25 26 27 28 29 30 31 32 33 34 35 36 37 38 39 40 41 42 43 44 45 46 47 48 49 50 52 53 54 55 56 57 58 59 60 61 62 63 64 65 66 67 68 69 70 72 73 74 75 77 78 79 80 81 82 83 84 85 86 87 88 89 90 92 93 94 95 96 97 99
0 1 2 3 4 5 6 7 8 9 10 11 12 13 14 15 17 18 19 20 21 22 23 24 25 26 27 28 29 30 31 32 33 34 35 36 37 38 39 41 42 44 45 48 49 50 51 52 53 54 55 56 57 58 59 60 61 62 63 65 66 67 68 69 70 71 72 73 74 75 76 77 78 79 80 81 82 83 84 85 87 88 89 90 91 93 94 95 96 97
0 1 2 3 4 5 6 7 8 9 10 11 12 13 14 15 16 17 18 19 20 22 23 24 25 26 27 28 29 30 31 32 33 34 35 36 37 38 40 41 42 43 44 45 47 48 49 50 51 52 53 54 55 56 57 59 60 61 62 63 65 66 67 68 69 70 72 73 74 75 76 77 78 79 80 81 83 85 86 87 88 89 90 91 92 95 96 97 98 99
0 1 2 3 4 5 6 7 10 11 13 14 15 16 17 18 19 20 21 22 23 24 25 26 27 29 30 31 33 34 35 36 37 38 39 40 41 42 43 44 45 46 47 48 49 50 51 52 53 54 56 57 58 59 60 61 62 63 64 65 66 67 68 69 70 71 72 74 75 76 77 78 79 80 81 82 83 84 85 86 88 89 90 91 92 95 96 97 99
0 1 2 3 4 5 6 7 8 9 10 12 13 14 15 16 17 18 20 21 22 23 24 26 27 28 29 30 31 32 33 34 36 38 39 40 41 42 43 44 45 46 47 48 49 50 51 52 53 54 55 56 57 58 59 60 61 62 63 64 65 66 67 68 70 71 73 74 75 76 77 78 79 80 81 82 83 84 85 86 87 88 89 90 91 92 93 94 96 97 98 99
0 1 2 3 4 5 6 7 8 9 10 11 12 13 15 16 17 18 19 20 22 24 25 26 28 29 30 31 32 33 34 37 38 41 42 43 44 45 46 48 49 50 51 52 53 54 55 56 57 58 60 61 63 64 66 68 69 70 71 72 74 75 76 78 79 80 81 82 83 84 85 87 88 90 91 92 93 94 95 97 98 99
0 1 2 4 5 6 7 8 9 11 12 13 14 15 17 18 19 20 21 22 23 24 25 26 27 28 29 30 31 33 34 35 36 37 38 39 40 41 42 43 44 45 46 47 48 50 51 52 53 54 55 56 57 58 59 60 61 63 64 65 66 67 68 69 70 71 72 73 74 75 76 77 78 80 81 82 83 84 85 86 87 88 89 90 91 92 93 94 95 96 98 99
2 3 4 6 7 8 9 10 11 12 14 15 16 17 18 19 20 21 22 23 24 25 26 27 29 30 31 32 33 34 35 36 39 40 41 42 43 44 45 46 47 48 49 50 51 52 53 54 55 56 57 58 59 60 61 62 63 64 65 66 67 68 69 70 71 72 74 75 77 78 79 80 81 82 83 84 85 86 87 88 89 90 93 95 96 97 99
1 2 4 5 6 7 8 9 10 11 12 13 14 16 17 18 19 21 22 23 24 25 26 27 28 29 30 31 32 33 34 35 36 37 38 39 40 42 43 44 45 46 47 48 49 50 51 52 54 55 56 57 58 59 60 61 62 63 65 67 68 69 70 71 72 75 76 77 78 79 80 82 83 84 85 86 88 89 90 91 93 94 95 96 97 98

100 color is feasible, tried 33 step
99 color is feasible, tried 0 step
98 color is feasible, tried 1 step
97 color is feasible, tried 2 step
96 color is feasible, tried 0 step
95 color is feasible, tried 2 step
94 color is feasible, tried 1 step
93 color is feasible, tried 1 step
92 color is feasible, tried 1 step
91 color is feasible, tried 0 step
90 color is feasible, tried 1 step
89 color is feasible, tried 1 step
88 color is feasible, tried 0 step
87 color is feasible, tried 2 step
86 color is feasible, tried 1 step
85 color is feasible, tried 1 step
84 color is feasible, tried 1 step
83 color is feasible, tried 2 step
82 color is feasible, tried 1 step
81 color is feasible, tried 0 step
80 color is feasible, tried 1 step
79 color is feasible, tried 1 step
78 color is feasible, tried 1 step
77 color is feasible, tried 1 step
76 color is feasible, tried 1 step
75 color is feasible, tried 1 step
74 color is feasible, tried 1 step
73 color is feasible, tried 1 step
72 color is feasible, tried 1 step
71 color is feasible, tried 1 step
70 color is feasible, tried 2 step
69 color is feasible, tried 2 step
68 color is feasible, tried 1 step
67 color is feasible, tried 1 step
66 color is feasible, tried 1 step
65 color is feasible, tried 1 step
64 color is feasible, tried 2 step
63 color is feasible, tried 2 step
62 color is feasible, tried 2 step
61 color is feasible, tried 1 step
60 color is feasible, tried 1 step
59 color is feasible, tried 2 step
58 color is feasible, tried 1 step
57 color is feasible, tried 1 step
56 color is feasible, tried 2 step
55 color is feasible, tried 2 step
54 color is feasible, tried 2 step
53 color is feasible, tried 2 step
52 color is feasible, tried 2 step
51 color is feasible, tried 2 step
50 color is feasible, tried 2 step
49 color is feasible, tried 4 step
48 color is feasible, tried 3 step
47 color is feasible, tried 2 step
46 color is feasible, tried 18 step
45 color is feasible, tried 17 step
44 color is feasible, tried 14 step
43 color is feasible, tried 25 step
42 color is feasible, tried 15 step
41 color is feasible, tried 29 step
40 color is feasible, tried 89 step
39 color is feasible, tried 594 step
38 color is feasible, tried 9186 step
[Color   37][Retry     1] reinitializing color
[Color   37][Retry     2] reinitializing color
[Color   37][Retry     3] reinitializing color
[Color   37][Retry     4] reinitializing color
[Color   37][Retry     5] reinitializing color
[Color   37][Retry     6] reinitializing color
[Color   37][Retry     7] reinitializing color
[Color   37][Retry     8] reinitializing color
[Color   37][Retry     9] reinitializing color
[Color   37][Retry    10] reinitializing color
[Color   37][Retry    11] reinitializing color
[Color   37][Retry    12] reinitializing color
[Color   37][Retry    13] reinitializing color
[Color   37][Retry    14] reinitializing color
[Color   37][Retry    15] reinitializing color
[Color   37][Retry    16] reinitializing color
[Color   37][Retry    17] reinitializing color
[Color   37][Retry    18] reinitializing color
[Color   37][Retry    19] reinitializing color
[Color   37][Retry    20] reinitializing color
[Color   37][Retry    21] reinitializing color
[Color   37][Retry    22] reinitializing color
[Color   37][Retry    23] reinitializing color
[Color   37][Retry    24] reinitializing color
[Color   37][Retry    25] reinitializing color
[Color   37][Retry    26] reinitializing color
[Color   37][Retry    27] reinitializing color
[Color   37][Retry    28] reinitializing color
[Color   37][Retry    29] reinitializing color
[Color   37][Retry    30] reinitializing color
[Color   37][Retry    31] reinitializing color
[Color   37][Retry    32] reinitializing color
[Color   37][Retry    33] reinitializing color
[Color   37][Retry    34] reinitializing color
[Color   37][Retry    35] reinitializing color
[Color   37][Retry    36] reinitializing color
[Color   37][Retry    37] reinitializing color
[Color   37][Retry    38] reinitializing color
[Color   37][Retry    39] reinitializing color
[Color   37][Retry    40] reinitializing color
[Color   37][Retry    41] reinitializing color
[Color   37][Retry    42] reinitializing color
[Color   37][Retry    43] reinitializing color
[Color   37][Retry    44] reinitializing color
[Color   37][Retry    45] reinitializing color
[Color   37][Retry    46] reinitializing color
[Color   37][Retry    47] reinitializing color
[Color   37][Retry    48] reinitializing color
[Color   37][Retry    49] reinitializing color
[Color   37][Retry    50] reinitializing color
[Color   37][Retry    51] reinitializing color
[Color   37][Retry    52] reinitializing color
[Color   37][Retry    53] reinitializing color
[Color   37][Retry    54] reinitializing color
[Color   37][Retry    55] reinitializing color
[Color   37][Retry    56] reinitializing color
[Color   37][Retry    57] reinitializing color
[Color   37][Retry    58] reinitializing color
[Color   37][Retry    59] reinitializing color
[Color   37][Retry    60] reinitializing color
[Color   37][Retry    61] reinitializing color
[Color   37][Retry    62] reinitializing color
[Color   37][Retry    63] reinitializing color
[Color   37][Retry    64] reinitializing color
[Color   37][Retry    65] reinitializing color
[Color   37][Retry    66] reinitializing color
[Color   37][Retry    67] reinitializing color
[Color   37][Retry    68] reinitializing color
[Color   37][Retry    69] reinitializing color
[Color   37][Retry    70] reinitializing color
[Color   37][Retry    71] reinitializing color
[Color   37][Retry    72] reinitializing color
[Color   37][Retry    73] reinitializing color
[Color   37][Retry    74] reinitializing color
[Color   37][Retry    75] reinitializing color
[Color   37][Retry    76] reinitializing color
[Color   37][Retry    77] reinitializing color
[Color   37][Retry    78] reinitializing color
[Color   37][Retry    79] reinitializing color
[Color   37][Retry    80] reinitializing color
[Color   37][Retry    81] reinitializing color
[Color   37][Retry    82] reinitializing color
[Color   37][Retry    83] reinitializing color
[Color   37][Retry    84] reinitializing color
[Color   37][Retry    85] reinitializing color
[Color   37][Retry    86] reinitializing color
[Color   37][Retry    87] reinitializing color
[Color   37][Retry    88] reinitializing color
[Color   37][Retry    89] reinitializing color
[Color   37][Retry    90] reinitializing color
[Color   37][Retry    91] reinitializing color
[Color   37][Retry    92] reinitializing color
[Color   37][Retry    93] reinitializing color
[Color   37][Retry    94] reinitializing color
[Color   37][Retry    95] reinitializing color
[Color   37][Retry    96] reinitializing color
[Color   37][Retry    97] reinitializing color
[Color   37][Retry    98] reinitializing color
[Color   37][Retry    99] reinitializing color
38 0
16 7 1 7 12 20 4 12 36 18 10 17 30 9 36 20 2 19 13 22 21 22 27 31 36 17 22 25 5 0 14 11 28 13 27 10 23 3 13 15 12 18 16 31 23 14 30 26 37 11 18 30 7 19 34 5 6 34 37 1 32 10 6 35 21 25 16 27 14 24 9 28 0 33 3 4 29 33 28 8 6 4 15 11 26 26 32 35 31 24 3 29 2 15 5 17 25 8 29 21
