node : 250, edge : 9307
neighbor for each node:
5 7 10 14 15 16 22 24 25 28 33 36 37 38 40 48 49 53 62 75 76 80 81 84 86 89 91 96 97 101 105 107 112 116 119 122 129 132 133 136 142 144 146 148 149 150 158 159 160 162 163 168 169 171 172 175 177 179 181 184 186 207 212 216 220 221 225 230 231 234 235 237 239 248
4 5 7 14 19 21 23 27 28 32 33 35 38 39 43 55 65 72 77 79 82 84 85 88 89 90 91 93 99 100 103 105 107 109 121 125 128 130 134 136 138 142 145 146 154 157 163 164 174 175 177 184 186 188 191 197 198 199 200 202 206 208 211 214 218 219 220 224 226 228 230 235 236 243 247
3 10 11 20 21 22 23 25 28 30 40 42 43 48 49 50 51 53 60 64 66 71 72 75 85 105 111 113 114 120 126 129 132 135 137 141 150 151 153 158 159 162 166 171 174 175 182 185 186 190 193 198 199 201 205 207 208 210 213 220 222 226 227 234 237 240 243 244 248
2 5 8 12 14 18 20 22 24 26 29 31 34 36 41 45 47 49 54 61 63 65 66 69 74 75 82 83 85 86 88 90 91 93 94 98 99 100 103 104 109 115 116 120 121 123 124 125 128 129 130 133 134 137 138 139 140 141 144 146 149 156 157 160 161 162 163 171 182 184 187 188 189 191 193 195 197 198 199 204 205 206 212 223 226 227 231 232 233 234 235 237 242 246 248
1 5 16 17 19 24 26 28 31 37 43 45 48 50 53 54 58 60 66 68 72 73 82 85 87 88 91 93 99 102 109 115 116 122 126 129 131 132 137 145 148 154 155 158 159 161 162 164 165 168 171 174 177 178 179 180 188 190 197 198 201 204 210 211 217 218 219 222 230 232 236 238 240 245 248
0 1 3 4 9 11 17 19 20 22 23 24 30 31 32 36 38 40 42 44 47 50 52 53 58 59 61 65 69 72 73 76 77 78 83 85 95 97 102 104 105 109 111 115 120 122 132 134 137 139 140 145 151 154 156 158 162 164 166 172 179 180 184 186 187 192 201 203 207 211 212 213 218 221 224 230 233 237 239 241
7 8 13 15 18 27 31 32 37 38 41 43 44 46 47 52 63 66 67 69 70 71 79 84 93 98 101 104 110 112 114 115 117 120 122 126 129 131 139 140 142 144 145 152 157 159 166 167 169 170 171 178 180 182 188 191 194 195 196 203 205 207 209 219 221 224 226 230 233 234 241 246
0 1 6 13 16 18 27 28 36 37 38 44 48 49 51 52 53 55 57 61 64 66 69 71 74 75 81 89 90 93 97 101 104 105 109 111 112 120 121 123 126 127 129 131 132 138 143 145 148 152 153 155 156 160 163 170 174 188 193 194 196 197 198 199 201 205 206 210 214 215 219 230 231 232 233 234 242 243 244 245 249
3 6 9 11 12 19 22 23 24 25 29 36 39 43 44 57 58 60 69 72 74 77 85 87 93 94 96 104 105 108 120 125 128 131 138 144 147 148 149 150 152 153 155 158 162 168 172 174 187 188 190 199 206 208 211 216 222 224 229 236 244 245 247 249
5 8 13 14 20 21 31 32 33 35 36 37 40 46 47 52 53 54 55 56 59 62 63 68 72 74 77 84 85 86 87 92 94 99 101 102 104 105 114 119 124 127 128 129 131 137 138 139 140 142 147 152 153 154 156 157 158 160 166 168 172 176 184 189 197 201 202 211 222 225 226 231 235 240
0 2 13 17 20 21 22 30 32 36 37 40 42 44 47 52 54 57 59 62 68 69 72 74 83 87 95 99 103 110 111 113 116 117 122 125 134 135 136 137 140 143 144 147 149 158 160 162 164 169 174 176 179 181 186 188 190 191 193 194 202 207 210 214 217 220 228 237 239 243
2 5 8 21 27 34 35 36 37 42 45 46 49 51 56 57 60 62 63 74 79 85 86 91 92 97 98 99 100 106 114 117 118 119 122 126 134 136 138 139 143 149 150 158 160 163 166 173 174 176 179 180 183 194 196 198 201 202 204 205 210 213 216 217 220 223 228 234 236 237 241 243 247
3 8 17 20 30 33 34 38 40 42 47 52 53 58 60 61 62 67 69 70 71 77 78 79 82 85 86 88 90 94 96 98 99 100 101 103 105 109 110 118 126 132 145 146 149 157 159 163 165 166 178 181 182 186 191 195 198 199 201 204 205 209 210 214 219 221 225 228 231 233 238 245 249
6 7 9 10 14 16 32 33 34 39 42 49 53 59 63 64 66 68 70 71 74 80 82 83 84 88 89 91 94 97 98 99 104 107 113 116 117 118 127 136 138 139 143 146 147 148 153 157 158 159 165 171 172 173 183 188 195 196 199 204 206 207 221 226 228 229 233 234 240 241 248
0 1 3 9 13 23 27 29 34 38 40 41 46 47 49 51 56 70 71 79 80 83 85 91 94 95 96 102 103 106 110 113 114 120 122 129 133 134 148 149 150 151 154 159 162 165 169 170 171 173 174 176 179 182 187 189 190 202 205 208 209 216 221 223 225 226 236 238 246
0 6 18 21 24 27 33 34 37 39 42 44 49 51 53 54 56 59 61 62 64 70 72 92 96 97 101 102 103 109 112 114 120 124 127 135 136 138 141 142 143 150 157 165 169 176 177 178 181 182 188 190 193 197 205 208 209 210 211 214 217 220 225 226 228 234 242 243 245
0 4 7 13 23 24 25 30 37 40 44 45 48 49 56 60 61 63 67 69 72 77 78 79 80 81 82 83 86 91 103 106 108 110 111 117 120 122 124 126 127 128 130 131 138 144 145 148 150 154 156 157 164 174 179 181 185 187 191 196 199 205 206 208 209 213 215 217 218 221 223 225 227 228 233 234 237 244 247 248
4 5 10 12 19 21 23 26 33 36 37 38 41 45 48 50 52 55 60 64 67 68 69 72 73 74 79 81 91 92 93 99 107 108 114 120 123 125 126 129 131 133 143 146 148 153 154 156 157 163 168 170 171 173 179 180 183 187 188 189 193 195 197 204 205 209 210 211 212 213 215 217 218 220 224 226 227 228 229 231 232 234 235 238 240 247
3 6 7 15 24 26 28 32 40 41 45 48 49 52 53 55 59 63 72 73 75 77 78 85 90 92 97 102 107 108 119 123 124 125 127 132 139 143 145 151 152 153 158 159 160 161 163 169 174 178 179 182 185 186 187 190 193 196 204 207 214 217 219 220 222 224 225 227 229 233 235 236 246 247
1 4 5 8 17 23 24 25 27 30 34 41 42 45 48 51 54 57 58 65 67 72 75 76 79 80 82 86 88 91 92 97 104 105 107 112 113 120 122 128 129 139 140 141 148 152 156 158 160 167 171 172 174 180 186 189 192 196 197 200 204 209 217 218 224 226 231 241 242 244 247 249
2 3 5 9 10 12 24 26 30 33 36 38 40 42 43 45 52 53 57 62 66 72 75 76 80 87 88 91 95 98 99 102 107 109 112 113 116 117 118 119 126 127 128 130 138 143 144 145 147 149 159 164 168 171 172 173 179 182 185 186 188 193 195 197 198 200 205 206 207 211 212 216 219 220 221 223 227 232 234 235 238 244 248 249
1 2 9 10 11 15 17 22 25 28 30 34 35 36 38 42 44 45 47 51 52 53 54 56 59 67 71 74 78 79 88 91 92 95 96 97 99 100 102 103 105 119 120 121 125 130 132 133 136 143 145 151 154 156 163 164 165 168 169 176 179 182 187 190 191 193 200 205 214 219 234 237 239 241
0 2 3 5 8 10 21 23 24 25 27 28 35 37 38 43 44 46 49 51 52 55 58 60 62 63 64 66 67 68 73 80 82 89 90 96 99 109 111 114 116 120 122 127 128 130 139 141 142 143 145 156 157 159 160 163 164 165 166 171 178 179 180 188 197 202 205 209 215 219 220 222 224 226 228 233 234 235 236 238 239 244 249
1 2 5 8 14 16 17 19 22 24 26 37 40 45 46 49 51 54 55 58 59 60 66 69 70 72 76 84 85 86 87 91 107 112 113 114 115 116 118 127 130 135 138 145 149 150 156 160 163 174 175 178 184 187 189 194 198 201 203 206 207 213 219 221 224 228 230 231 232 234 247 249
0 3 4 5 8 15 16 18 19 20 22 23 29 32 37 43 54 58 60 68 75 76 77 78 85 86 88 89 92 94 96 98 99 100 109 110 127 132 133 135 138 143 146 147 148 151 154 161 163 164 168 169 173 174 175 181 183 186 187 193 194 195 198 199 200 204 206 208 209 217 218 221 223 228 230 232 235 238 241 244 246 248
0 2 8 16 19 21 22 28 34 49 51 57 61 62 64 68 70 72 78 80 82 87 89 94 97 103 105 106 115 121 122 135 137 140 144 147 150 157 158 160 163 166 169 173 175 185 187 188 189 191 195 196 197 204 207 210 211 216 219 233 234 240 243
3 4 17 18 20 23 31 32 41 42 44 52 55 57 63 65 72 77 79 81 88 89 91 99 101 102 104 106 108 109 112 118 120 125 126 132 136 140 141 142 145 150 152 153 155 170 172 173 178 181 190 193 196 199 200 203 207 208 212 214 215 216 218 230 232 236 240 244 247
1 6 7 11 14 15 19 22 28 29 30 31 32 37 47 48 50 55 57 59 63 66 67 68 82 88 94 96 99 100 104 106 108 117 120 121 122 123 125 128 130 131 132 135 137 142 147 149 152 154 159 163 164 167 168 169 170 171 172 173 174 175 184 187 190 197 200 201 202 204 207 210 211 214 224 226 231 232 236 239 240 241 242 244 246 249
0 1 2 4 7 18 21 22 25 27 31 34 38 44 53 54 60 68 74 78 80 91 100 104 108 109 111 116 117 119 123 127 128 131 132 133 138 142 144 146 147 148 149 152 158 160 162 169 170 173 176 179 182 184 185 186 188 196 202 206 207 213 215 216 217 218 220 223 236 239 241 245 249
3 8 14 24 27 32 34 36 39 46 47 49 50 51 53 61 62 66 67 69 71 72 75 76 80 88 94 98 100 101 105 106 108 109 114 123 126 135 136 138 145 146 149 150 158 159 161 173 181 182 186 190 192 195 197 203 209 211 214 215 217 219 222 228 230 237 244 248
2 5 10 12 16 19 20 21 27 35 43 44 45 57 58 60 69 70 71 74 76 78 93 102 103 107 113 131 133 137 141 142 148 152 154 155 159 160 162 164 165 167 170 173 176 188 191 193 198 199 202 206 207 208 209 210 212 214 223 227 234 235 236 237 239 245 246 247
3 4 5 6 9 26 27 28 33 43 46 48 49 50 53 58 63 67 68 69 74 75 78 80 81 82 88 89 90 92 96 97 98 103 119 121 122 132 133 136 140 143 145 146 150 156 163 168 169 170 171 173 175 180 183 185 186 190 195 199 200 205 206 208 210 211 212 215 218 220 221 223 231 240 242
1 5 6 9 10 13 18 24 26 27 29 33 35 37 40 46 47 48 59 61 62 63 68 71 72 74 78 79 82 84 89 96 100 102 104 109 110 118 122 127 128 129 138 139 141 142 155 160 163 164 168 174 181 182 184 185 186 193 195 203 218 220 222 224 230 231 240 245 249
0 1 9 12 13 15 17 20 31 32 35 36 41 43 45 51 54 62 67 75 78 83 86 92 94 96 101 103 108 109 113 114 115 116 118 119 123 126 133 140 141 145 146 153 156 157 159 163 167 168 169 172 173 175 179 182 183 186 188 194 195 196 198 201 202 208 211 212 217 220 221 223 227 240 242 247 248
3 11 12 13 14 15 19 21 25 28 29 35 39 42 45 48 49 51 52 53 55 59 60 66 71 75 76 84 87 90 91 93 100 102 105 107 109 110 117 119 123 124 129 135 141 142 143 144 150 162 163 171 172 175 178 188 192 197 206 212 226 227 228 230 231 237 239 242 248
1 9 11 21 22 30 32 33 34 41 42 43 49 52 66 67 80 81 87 88 89 93 94 97 99 101 104 106 110 114 121 125 127 130 132 139 140 150 151 152 155 160 162 166 168 174 175 178 179 182 184 185 187 191 193 195 198 199 204 205 206 208 213 215 225 227 228 230 232 234 238 239 240 242 244 246
0 3 5 7 8 9 10 11 17 20 21 29 33 37 41 43 46 48 49 50 51 53 54 57 61 62 64 66 72 87 90 92 95 97 101 108 109 114 115 127 134 135 141 142 143 146 147 148 150 155 156 164 165 169 174 179 184 189 192 194 197 201 204 205 206 208 209 213 222 225 226 232 233 237 239 243 247 249
0 4 6 7 9 10 11 15 16 17 22 23 24 27 32 36 38 41 45 47 49 54 61 65 66 76 77 82 86 92 93 100 104 105 106 110 115 125 126 132 135 137 142 143 148 149 150 157 162 164 165 166 168 169 172 173 177 181 186 190 192 194 196 198 202 203 206 209 211 215 222 223 225 226 228 230 234 243 244 245 247 249
0 1 5 6 7 12 14 17 20 21 22 28 37 42 45 47 50 51 57 61 62 64 73 75 81 84 88 90 99 101 103 104 113 116 119 121 123 136 143 145 147 150 151 152 157 159 163 165 166 167 169 170 171 172 174 188 189 190 194 195 198 202 204 205 206 208 210 212 214 217 222 226 228 230 240 247 249
1 8 13 15 29 34 40 42 43 45 47 48 52 53 55 56 60 66 68 69 73 77 85 90 92 93 94 95 102 106 107 108 116 117 121 122 124 125 128 130 131 135 138 141 142 143 145 149 151 152 153 158 174 175 176 181 183 185 192 194 195 197 198 201 203 205 207 210 218 221 223 226 233 237 238 240 242 245 247
0 2 5 9 10 12 14 16 18 20 23 32 39 42 43 44 48 51 53 54 55 60 64 65 66 67 69 70 72 76 90 91 92 98 101 103 109 118 121 126 133 134 137 139 142 150 157 158 166 167 169 178 179 184 185 191 192 195 196 201 202 206 208 209 210 212 215 220 221 226 232 237 240 248
3 6 14 17 18 19 26 33 35 36 37 44 45 49 52 53 56 58 66 73 74 77 78 79 81 86 90 93 94 98 101 102 109 115 120 122 123 125 132 134 145 147 151 153 159 160 161 163 166 173 184 186 193 194 195 205 207 211 212 216 217 225 228 233 234 237 239 240 243
2 5 10 11 12 13 15 19 20 21 26 34 35 38 39 40 49 52 54 55 63 65 66 69 74 82 83 87 93 96 106 107 108 114 117 121 125 128 129 132 134 135 136 141 143 147 159 160 170 172 181 182 187 188 189 190 191 197 198 205 209 210 211 215 216 224 225 227 231 237 243
1 2 4 6 8 20 22 24 30 31 33 35 36 39 40 47 52 55 58 62 64 72 77 78 83 84 88 96 97 99 103 107 114 115 116 119 124 127 128 129 131 132 134 135 136 139 140 141 143 147 149 153 155 158 162 163 171 172 174 175 178 181 183 191 195 196 198 201 202 203 205 209 226 229 234 235 239 243
5 6 7 8 10 15 16 21 22 26 28 30 40 41 45 47 51 55 56 57 62 66 69 70 75 76 77 84 85 86 87 89 93 106 110 111 115 120 124 129 136 137 138 139 141 144 147 154 156 158 161 163 168 170 173 176 178 181 188 189 191 193 195 196 202 207 210 212 217 219 223 225 226 234 237 242
3 4 11 16 17 18 19 20 21 23 30 33 34 37 38 39 41 44 47 48 57 61 63 66 71 74 79 91 93 97 98 99 103 104 106 110 112 116 117 118 119 126 130 135 138 141 142 143 147 149 150 160 163 166 170 172 176 177 179 184 185 192 194 200 203 204 207 208 211 217 219 224 227 229 231 233 235 239 240 242
6 9 11 14 22 23 29 31 32 36 51 52 59 63 81 84 85 88 91 93 97 99 105 106 108 109 114 116 119 123 129 136 145 148 157 159 164 165 179 182 184 185 187 191 197 198 200 204 206 210 213 218 219 220 226 232 234 236 237 244 245 249
3 5 6 9 10 12 14 21 27 29 32 37 38 39 43 44 45 57 62 63 69 70 72 78 79 81 82 83 85 88 89 94 95 96 97 98 101 103 111 112 114 117 118 123 126 128 129 130 132 143 144 147 152 155 157 158 159 161 163 168 175 177 184 187 188 190 191 192 194 197 206 208 213 215 216 220 222 226 230 233 234 240 243 244 245 247
0 2 4 7 16 17 18 19 27 31 32 34 36 39 40 45 50 53 54 55 64 65 66 67 68 69 70 75 79 85 91 92 93 98 104 105 108 110 112 115 118 129 131 139 141 143 147 149 150 151 154 155 158 163 164 175 184 187 196 198 199 200 202 206 207 209 213 217 218 226 228 229 231 234 235 237 238 243 244 247
0 2 3 7 11 13 14 15 16 18 22 23 25 29 31 34 35 36 37 41 42 60 64 69 71 72 75 76 79 87 93 94 98 99 101 107 108 129 130 137 138 143 144 148 149 154 157 158 159 161 165 176 183 190 196 197 199 203 216 217 219 221 222 223 224 225 230 233 237 249
2 4 5 17 27 29 31 36 38 48 52 54 56 57 62 63 67 68 72 76 78 79 80 81 84 85 91 92 95 97 98 100 104 113 114 115 121 122 124 126 129 135 137 139 142 146 158 162 167 170 171 173 177 182 183 189 193 194 195 196 202 209 210 216 220 222 224 225 226 238 242 247 248 249
2 7 11 14 15 19 21 22 23 25 29 33 34 36 38 40 44 46 55 62 65 67 68 69 74 90 92 95 97 100 103 106 109 114 115 121 123 125 130 131 132 133 137 141 146 148 158 162 168 169 173 179 180 181 184 187 188 190 195 197 207 208 209 212 215 216 220 222 225 228 232 238 240 241 242 243 247 248
5 6 7 9 10 12 17 18 20 21 22 26 34 35 39 41 42 43 46 50 60 63 67 73 79 80 85 91 94 95 96 99 100 105 107 108 111 116 119 123 133 134 137 139 141 144 149 152 155 161 162 163 170 171 174 175 178 179 181 189 192 194 195 211 214 215 220 221 223 225 229 232 234 239 240 241 242 245 248
0 2 4 5 7 9 12 13 15 18 20 21 28 29 31 34 36 39 40 41 48 60 63 68 83 86 88 93 95 97 98 101 107 113 114 115 116 119 122 124 125 134 142 143 153 162 167 171 180 183 190 194 195 197 199 200 205 206 211 214 216 222 223 230 231 232 233 241 243 244
3 4 9 10 15 19 21 23 24 28 33 36 37 40 42 48 50 56 77 83 84 85 87 89 95 97 102 103 111 112 119 122 125 129 131 135 136 139 140 141 149 152 153 154 161 166 168 171 174 175 177 190 199 201 203 215 217 220 233 237 241 242
1 7 9 17 18 22 23 26 27 34 39 40 42 43 44 48 51 58 60 64 67 68 80 82 84 86 89 90 97 101 107 108 109 122 129 130 132 137 138 139 142 144 149 150 152 163 167 168 170 181 183 187 189 193 195 198 206 211 212 216 217 220 227 228 232 233 239 245
9 11 14 15 16 21 39 41 44 50 54 67 72 73 74 76 77 83 87 88 89 94 97 98 100 106 110 112 114 116 117 121 125 126 131 132 135 136 141 144 146 148 149 151 153 159 162 163 165 167 171 176 180 181 194 195 196 197 199 202 204 206 208 210 216 218 220 222 226 233 235 241 245 249
7 8 10 11 19 20 25 26 27 30 36 38 44 45 47 50 61 64 65 74 76 79 84 87 94 102 107 108 109 110 112 114 118 130 134 137 139 142 148 153 154 155 156 159 161 164 171 172 178 179 180 181 184 187 192 194 198 199 208 209 210 214 216 221 222 228 239 240 242 248
4 5 8 12 19 22 23 24 30 31 41 43 55 59 65 67 68 69 70 74 75 78 86 87 89 97 98 101 102 104 105 106 111 112 124 127 128 134 142 143 151 153 155 163 169 172 176 180 184 186 187 188 189 191 192 195 199 200 204 205 206 212 213 216 219 221 224 225 231 232 233 239 243 246
5 9 10 13 15 18 21 23 27 32 34 46 58 61 63 75 79 80 85 88 89 90 96 110 112 113 114 117 121 122 126 135 137 140 141 142 148 153 159 161 168 170 173 174 175 176 177 178 181 183 189 193 195 196 199 213 214 216 218 226 227 233 234 238 246 247
2 4 8 11 12 16 17 22 23 24 28 30 34 39 40 49 52 53 55 61 62 64 70 72 76 79 82 84 93 95 98 101 112 117 120 128 131 134 140 146 148 150 155 160 163 165 166 168 169 170 173 178 180 185 188 189 190 194 196 198 199 201 202 204 205 208 209 213 220 222 231 234 243 244
3 5 7 12 15 16 25 29 32 36 37 38 45 57 59 60 63 64 68 70 71 74 79 81 83 90 91 92 95 108 109 111 113 114 122 124 127 128 131 134 142 145 147 148 152 154 156 157 158 159 160 162 166 168 169 170 186 194 195 196 197 198 207 210 212 214 215 216 217 218 220 221 223 232 236 241 243
0 9 10 11 12 15 20 22 25 29 32 33 36 38 43 44 47 50 51 60 65 68 72 74 82 85 97 101 104 108 115 116 120 123 135 137 141 142 143 145 147 151 152 153 162 166 167 169 171 190 194 196 197 202 205 214 217 225 228 230 232 237 239 241 243 245 247 249
3 6 9 11 13 16 18 22 26 27 31 32 42 45 46 47 50 52 53 59 61 64 65 66 67 68 71 74 78 83 84 86 87 91 94 95 96 97 99 103 105 106 109 110 111 113 117 119 120 131 136 144 146 151 152 157 161 165 168 170 172 174 175 176 178 179 183 187 189 191 194 207 212 214 218 219 222 225 226 232 233 235 236 237 239 242 247
2 7 13 15 17 22 25 36 38 40 43 48 49 55 57 60 61 63 67 71 73 86 89 90 91 92 93 94 99 107 109 125 129 130 136 137 139 140 144 147 148 149 151 152 160 164 168 171 172 174 178 179 180 181 183 187 188 190 193 196 199 200 207 209 210 212 218 221 223 224 231 232 234 235 239 241 243 246 248
1 3 5 19 26 37 40 42 48 51 57 58 62 63 72 75 76 78 79 80 81 83 85 86 95 102 104 107 108 113 114 115 116 120 122 124 125 128 130 131 135 144 147 149 151 153 155 157 160 167 171 175 179 180 185 186 187 194 196 199 200 207 214 220 228 229 231 232 236 240 242 243 244 246 249
2 3 4 6 7 13 20 22 23 27 29 34 35 36 37 39 40 41 42 44 45 48 63 67 69 71 77 82 86 89 90 92 103 104 105 108 111 116 125 128 129 130 132 133 135 136 137 152 154 155 156 159 163 167 170 175 182 183 186 190 191 193 198 209 216 219 225 226 227 228 235 239 244 245 246 248 249
6 12 16 17 19 21 22 27 29 31 33 35 40 48 50 51 52 55 56 58 63 64 66 70 71 72 73 75 77 78 86 87 92 93 94 95 99 101 102 109 110 112 123 129 130 131 133 134 138 140 144 145 146 149 160 164 165 173 174 181 188 189 190 195 197 198 207 208 211 212 213 215 218 234 243 244 246
4 9 10 13 17 22 24 25 27 28 31 32 39 48 50 51 53 55 58 61 62 63 69 70 72 80 81 82 84 85 89 91 109 112 113 114 118 119 120 124 125 129 137 147 154 158 162 163 171 172 173 175 176 180 181 183 185 186 189 191 195 197 198 199 203 204 206 207 210 211 212 213 215 218 219 226 230 231 238 239 241 242 249
3 5 6 7 8 10 12 16 17 23 29 30 31 39 40 42 44 47 48 49 51 58 66 68 76 79 80 81 82 85 87 89 90 94 95 98 105 110 111 115 119 120 122 127 128 129 130 132 133 141 144 146 148 149 151 158 159 160 161 162 165 166 168 169 171 174 179 184 188 193 195 202 208 209 212 215 217 219 224 229 230 233 235 238 241 244 245 249
6 12 13 14 15 23 25 30 40 44 47 48 58 60 61 67 68 73 76 77 78 86 90 105 108 109 112 114 116 119 123 125 126 130 133 141 145 149 150 153 155 157 164 168 169 170 175 177 180 185 190 193 198 199 201 203 206 208 210 211 215 216 222 223 224 225 227 231 232 234 235 236 237 245
2 6 7 12 13 14 21 29 30 32 34 45 49 61 63 64 66 67 75 76 77 78 84 86 87 92 93 98 102 103 116 122 129 130 137 138 139 147 150 153 164 170 171 172 179 180 183 186 188 199 200 201 206 207 208 210 217 218 219 222 229 234 239 244 247
1 2 4 5 8 9 10 15 16 17 18 19 20 23 25 26 29 32 36 40 43 47 49 50 56 60 62 65 67 68 73 75 81 85 90 96 100 106 108 109 113 115 116 124 128 129 130 131 133 139 142 143 146 150 152 155 158 160 161 172 173 178 185 187 202 205 206 208 209 212 215 220 223 226 230 231 233 234 238 239 240 245
4 5 17 18 22 38 39 41 52 56 64 67 70 72 75 77 86 88 93 95 96 97 98 100 104 105 106 110 114 120 122 129 130 137 139 141 143 148 150 159 164 165 166 170 173 174 175 178 179 180 187 188 190 193 203 208 209 210 211 218 220 227 230 234 237 242 246 247
3 7 8 9 10 11 13 17 21 28 30 31 32 41 42 45 51 56 57 58 61 62 63 75 80 81 82 84 86 90 91 94 95 98 102 103 105 106 107 115 116 124 125 126 137 140 141 144 148 149 154 159 160 161 163 174 178 181 183 189 196 199 202 203 204 211 215 220 237 241 246 247
0 2 3 7 18 19 20 24 29 31 33 34 38 44 48 49 58 59 65 67 71 72 73 74 76 77 78 81 84 86 88 90 93 98 101 109 111 117 119 124 127 129 130 132 138 139 145 150 155 156 158 161 166 169 173 177 178 180 181 187 188 189 192 194 195 197 203 205 207 216 218 225 228 229 233 234 235 238 239 240 241 242 243 244 249
0 5 19 20 23 24 29 30 34 37 40 44 49 50 56 57 60 65 69 70 71 75 77 83 88 89 90 92 99 113 115 119 122 123 124 140 141 143 151 152 162 169 172 173 174 176 180 181 182 185 189 190 191 194 195 200 201 202 210 214 217 220 223 227 228 230 231 233 235 236 237 248
1 5 8 9 12 16 18 24 26 37 39 41 43 44 54 56 66 67 70 71 73 75 76 81 82 90 93 98 99 106 107 108 111 112 114 117 121 122 126 127 132 133 134 138 143 145 148 151 152 153 154 155 157 160 167 173 174 178 182 186 188 195 196 203 204 206 209 215 219 226 227 228 236 238 247 248
5 12 16 18 21 24 25 28 30 31 32 33 41 43 47 50 58 63 65 67 70 71 75 80 82 86 89 103 105 106 110 111 112 115 119 121 129 132 135 137 138 142 143 145 146 148 149 153 159 161 166 169 181 183 184 186 192 196 197 199 200 202 208 209 222 233 234 241
1 6 11 12 14 16 17 19 21 26 32 41 45 47 48 49 50 52 57 59 60 61 65 69 81 82 83 91 95 98 99 100 103 107 108 113 120 121 122 124 125 128 133 136 139 140 150 152 153 154 155 164 166 168 171 172 174 177 178 179 180 182 185 198 199 200 204 207 213 214 215 221 222 225 231 232 235 236 240 241 242 246 247
0 13 14 16 19 20 22 25 28 29 31 35 50 52 55 59 65 68 69 74 78 81 83 84 85 97 99 101 102 127 131 133 139 140 141 142 146 149 151 153 156 160 163 164 165 170 172 173 177 179 181 183 190 191 194 196 198 199 200 202 210 213 214 219 222 224 228 230 233 234 236 241
0 7 16 17 26 31 35 38 41 46 47 50 61 65 68 69 72 74 75 77 79 80 85 89 92 102 107 108 109 113 127 130 131 133 135 136 143 147 151 153 155 159 162 164 171 180 181 182 185 186 190 191 193 194 196 205 209 210 212 219 230 232 233 237 242 243
1 3 4 12 13 16 19 22 25 27 31 32 37 42 47 55 60 62 66 68 69 74 77 78 79 89 93 94 103 106 107 109 110 113 116 117 128 130 134 139 140 142 145 148 150 151 152 158 164 167 168 169 176 177 178 179 181 187 188 189 190 195 196 199 203 207 212 214 216 222 223 225 226 234 235 247
3 5 10 13 14 16 33 42 43 47 53 54 56 61 63 65 76 79 80 84 87 96 97 98 100 104 106 109 114 119 124 127 132 133 139 143 147 151 155 166 174 178 184 185 186 189 197 200 204 210 212 214 217 218 220 221 224 231 232 234 236 240 242 243 245 246 249
0 1 6 9 13 23 32 34 38 43 44 46 50 54 55 57 60 63 68 71 74 75 80 83 85 95 101 102 103 114 117 118 121 131 132 133 134 138 140 141 144 151 153 155 160 165 167 168 173 174 176 178 179 182 183 187 188 191 197 206 208 210 213 215 219 223 229 230 235 236 245 247 248
1 2 3 4 5 8 9 11 12 14 18 23 24 39 44 46 47 48 50 52 54 59 62 65 68 69 72 80 81 84 87 90 93 96 98 100 107 114 117 123 129 142 146 148 150 153 154 155 161 164 165 166 171 177 180 182 184 189 192 195 201 206 210 211 214 217 227 231 240 241 242 243 248
0 3 9 11 12 16 19 23 24 33 37 41 44 53 55 58 63 64 65 66 67 70 71 73 74 75 78 93 97 101 102 103 112 118 120 128 130 133 136 137 142 144 150 151 154 158 159 160 162 165 169 171 176 178 179 181 182 184 197 199 202 209 210 216 217 221 222 229 238 239 243 249
4 8 9 10 20 23 25 34 35 36 42 44 49 54 56 57 58 63 67 69 71 83 85 94 98 102 107 108 111 115 116 117 120 122 123 136 138 142 144 146 147 149 150 153 155 164 169 170 171 174 178 179 181 190 197 198 207 208 215 216 218 223 225 230 232 233 237 238 240 241 242 245 247
1 3 4 12 13 19 20 21 24 26 27 29 31 35 38 43 46 47 53 56 59 73 75 76 90 97 100 101 103 109 110 120 123 128 130 131 134 146 152 154 162 163 167 170 171 178 181 190 198 199 208 210 213 214 216 220 221 222 224 229 230 232 233 235 238 239 247 248 249
0 1 7 13 22 24 25 26 31 32 35 44 47 54 55 56 58 59 64 66 68 69 76 78 81 82 91 92 94 102 111 112 114 135 136 139 146 147 150 152 156 158 163 164 166 168 171 173 176 179 180 183 186 188 198 199 212 221 223 230 236 239 240
1 3 7 12 18 22 31 34 36 38 39 40 41 51 55 59 61 64 66 69 70 72 74 75 76 77 85 88 92 93 94 95 98 99 101 106 107 110 114 117 118 119 120 129 130 131 133 134 140 142 143 145 146 152 153 168 171 179 180 183 184 185 190 191 193 195 197 199 205 209 210 212 215 217 219 222 224 225 226 227 234 236 238 239 245 247 249
0 1 3 4 11 13 14 16 17 19 20 21 23 26 28 34 40 45 46 48 50 52 61 63 64 68 74 79 89 92 95 102 103 105 107 112 115 116 121 124 126 127 128 129 130 134 140 151 152 153 166 169 172 178 182 184 185 186 187 189 190 191 193 194 195 204 209 219 222 223 224 233 236 237 238 239 241
9 11 15 17 18 19 21 24 31 33 36 37 39 40 48 50 51 61 64 66 67 71 76 81 89 90 91 93 94 104 105 111 115 117 118 119 120 123 125 129 138 140 142 152 155 157 160 163 168 170 171 174 179 181 186 187 191 196 199 204 206 208 211 213 214 215 217 221 222 223 224 227 230 236 239 240 241 243 245 246
1 3 4 6 7 8 17 30 34 35 37 39 41 42 44 45 46 48 49 53 60 64 67 71 73 75 77 82 85 86 90 92 94 96 101 105 107 108 111 117 123 124 127 128 132 135 136 138 139 141 142 143 146 147 153 158 162 163 166 168 169 171 172 173 175 176 177 180 181 183 189 199 200 201 204 206 208 209 222 223 224 227 236 241 243
3 8 9 12 13 14 24 25 27 29 33 35 39 41 47 49 52 56 57 63 64 67 69 74 82 87 89 90 92 93 96 97 98 99 101 104 107 112 115 120 121 123 126 127 128 129 132 135 136 137 143 144 146 148 154 157 159 165 166 171 174 178 182 189 192 195 205 206 211 215 216 217 218 221 226 232 233 237 238 241 242 246 247
5 10 14 20 21 36 39 47 50 51 52 53 54 60 61 63 65 67 69 73 74 79 84 90 91 96 98 106 107 110 111 113 116 120 123 124 130 132 150 156 159 160 166 167 172 174 179 181 184 187 188 190 191 192 193 194 197 198 202 203 204 206 211 215 220 224 230 235 237 245 246 248
0 8 12 14 15 21 22 24 27 31 32 33 42 43 47 52 59 63 72 73 83 85 93 94 95 97 104 106 111 114 115 116 118 119 121 124 125 127 133 134 138 139 140 141 143 148 152 154 155 156 157 158 160 161 163 165 171 172 174 179 185 186 188 190 204 211 215 235 236 238 241 244 245 248
0 5 7 11 13 15 18 19 21 25 31 35 36 43 45 46 47 50 51 53 54 55 56 58 62 63 73 80 83 86 88 94 96 98 100 109 112 113 118 121 124 125 128 132 139 150 151 153 157 159 165 166 171 176 183 184 190 194 195 201 210 211 213 214 216 221 223 225 226 232 233 238 240 244
3 6 11 12 13 20 24 29 31 40 41 45 47 48 49 50 53 56 58 60 69 71 73 74 75 77 79 83 85 87 90 94 95 97 100 101 120 121 124 127 131 132 134 136 139 141 142 143 145 146 149 153 156 157 161 162 165 177 178 183 184 185 186 191 195 198 203 207 208 209 211 212 213 215 217 218 222 224 226 227 237 241 242 243 245 246
1 3 4 9 10 11 12 13 17 20 21 22 24 26 27 35 38 43 45 46 49 52 63 64 67 76 77 79 80 90 94 100 101 102 104 106 108 109 118 121 124 126 132 137 147 152 154 158 162 164 165 166 172 176 177 180 192 193 194 195 196 197 203 207 208 210 215 216 217 223 230 231 235 239 243 247 249
1 3 11 12 21 24 27 28 29 32 34 37 50 51 52 56 72 73 79 83 85 88 97 98 99 103 111 114 115 118 121 126 127 128 131 133 134 137 139 140 143 145 148 149 151 153 154 157 160 161 162 163 164 174 176 179 180 183 187 188 189 191 194 196 197 201 203 218 233 242 249
0 6 7 9 12 15 26 29 33 35 36 38 40 41 47 49 53 55 58 60 62 67 75 80 84 86 88 90 93 94 98 99 105 115 119 121 123 124 127 131 134 137 138 139 142 147 150 156 157 161 173 178 181 184 185 194 197 198 205 208 211 214 215 218 222 223 224 226 233 235 236 237 238 240 243 247
4 5 9 14 15 18 20 21 26 30 32 34 39 41 54 57 58 65 67 71 74 80 81 84 86 87 89 91 99 104 110 119 121 122 128 132 138 142 154 159 170 171 174 175 181 194 196 199 203 208 210 216 218 219 221 222 223 227 228 231 235 239 240 244
1 3 10 12 14 15 16 21 25 30 31 33 38 40 43 45 47 51 54 63 66 71 74 78 79 82 84 86 88 91 100 109 110 112 113 115 122 125 128 129 130 133 138 140 141 142 146 147 152 153 159 160 162 166 169 173 183 186 191 195 205 207 208 209 211 212 221 226 227 232 233 238 239 243 247
3 5 6 7 8 9 13 19 26 27 28 32 35 37 38 45 48 50 58 62 65 66 73 83 92 94 96 99 102 108 110 111 116 119 131 132 133 134 135 138 139 140 145 146 152 154 159 160 161 164 165 171 172 180 182 184 187 188 191 194 200 202 212 213 220 221 222 223 225 230 232 233 235 236 243 247
0 1 2 5 7 8 9 12 19 21 25 29 34 37 46 48 52 58 63 66 69 70 73 74 78 91 92 93 101 115 118 119 120 127 131 135 147 152 153 159 164 167 168 176 180 182 186 188 191 194 196 198 199 203 206 209 210 212 217 218 221 228 230 231 232 235 243 248 249
11 14 16 25 26 27 29 35 37 39 42 44 45 46 51 56 58 63 72 73 74 77 78 82 83 90 95 96 99 111 115 116 117 118 119 128 131 132 134 138 146 149 153 154 159 160 163 169 175 176 177 180 181 188 189 190 201 202 203 209 220 222 226 227 231 235 239 242 243 248
0 1 13 17 18 19 20 23 30 34 39 42 43 49 52 53 55 57 64 65 74 77 79 81 82 85 87 90 91 93 94 95 108 110 113 119 120 121 122 123 125 131 132 135 140 143 144 148 149 151 152 155 156 160 162 168 170 171 174 176 179 182 186 187 189 192 198 199 200 201 202 205 208 211 219 223 224 228 229 230 232 235 237 238 239 243 246 247 248
8 16 17 18 26 27 28 29 33 36 39 42 46 48 49 52 55 57 61 62 65 66 70 72 77 79 81 87 93 99 104 107 112 122 129 130 131 133 134 135 142 143 145 149 152 158 159 162 166 172 173 175 176 182 189 192 197 198 199 203 205 211 224 225 229 236 239 243 247
1 3 4 5 7 12 15 20 22 24 26 28 29 32 33 34 36 40 41 46 51 55 57 61 63 64 67 68 70 72 75 81 82 83 88 97 99 103 110 113 116 123 124 125 128 130 136 137 139 140 143 146 149 158 174 178 181 183 190 193 197 200 206 209 219 220 225 226 231 233 235 243 244 246
6 10 12 14 16 24 32 34 35 37 44 45 48 56 57 59 63 67 69 73 78 82 88 90 95 102 103 104 107 109 111 113 116 118 122 128 132 146 148 149 158 161 166 167 175 181 184 186 190 191 194 196 200 212 218 219 220 221 222 223 228 231 236 237 238 239 240 243 244 245 246 247
2 5 7 10 16 22 28 44 47 52 54 58 61 63 66 69 75 77 78 87 89 92 93 95 96 100 104 106 110 112 113 115 116 117 120 121 122 134 137 139 148 154 164 168 169 171 177 179 191 192 193 194 196 207 210 221 223 225 226 227 228 229 232 236 247
0 6 7 15 19 20 23 26 45 47 48 54 56 57 58 59 60 67 68 70 77 78 86 89 91 94 97 103 108 111 115 120 122 128 130 132 133 135 138 139 140 141 153 156 159 160 170 173 174 175 177 181 183 186 187 193 197 198 200 202 203 204 209 210 212 216 217 219 224 226 234 236 238 245
2 10 13 14 19 20 23 30 33 38 50 53 59 61 63 65 68 72 76 79 81 82 95 97 103 107 109 110 111 114 120 130 132 133 135 140 144 145 148 154 155 157 170 172 174 177 178 179 183 185 187 188 191 192 193 195 201 217 218 219 220 223 224 234 237 239 248 249
2 6 9 11 14 15 17 22 23 29 33 35 36 42 43 46 47 50 51 53 56 57 59 61 65 68 70 73 77 83 84 85 89 90 96 100 113 115 118 123 125 133 137 138 139 140 145 147 149 152 154 160 163 165 166 168 172 175 176 181 182 185 198 203 205 206 207 209 210 216 220 221 222 229 232 234 235 238 243 244
3 4 5 6 23 25 33 36 37 41 43 44 48 50 51 53 62 65 69 72 74 76 78 87 91 92 94 96 100 101 103 105 106 111 112 114 117 124 126 128 135 138 143 144 156 163 164 166 171 187 190 194 195 198 202 204 212 216 221 225 226 228 232 233 234 242 245 247 249
0 3 4 10 13 20 22 23 28 33 38 39 43 45 46 52 53 56 62 65 66 70 71 72 74 82 87 91 95 96 104 106 109 110 111 119 126 127 133 136 140 146 149 152 156 158 162 172 173 177 180 187 188 189 193 194 196 197 199 200 205 206 208 209 213 218 223 226 233 236 238 239 246 248
6 10 11 13 16 20 27 28 34 39 42 45 47 56 59 60 63 75 77 82 84 85 87 90 92 93 106 111 115 118 120 122 129 134 135 138 151 156 160 161 163 170 171 173 183 184 185 189 193 195 197 198 199 200 207 208 211 216 218 221 223 224 231 237 238 248 249
11 12 13 20 23 26 32 33 40 45 47 48 57 68 84 86 90 92 96 97 99 100 105 106 110 114 117 119 150 154 156 157 160 161 162 165 172 178 185 188 189 206 212 215 216 219 223 225 226 228 229 231 233 236 237 239 241 246 247 249
0 9 11 18 20 21 28 31 33 34 38 43 45 46 52 53 54 63 68 69 70 75 76 78 83 90 92 96 101 102 104 105 106 107 116 118 125 127 133 138 145 148 153 158 162 165 168 173 175 178 180 181 189 191 192 193 198 215 216 220 221 223 226 227 228 230 233 243 246 247 249
2 3 5 6 7 8 14 15 16 17 19 21 22 26 27 41 44 60 62 63 65 68 69 73 79 86 87 88 90 92 94 95 98 105 107 111 112 113 117 122 129 130 131 133 134 138 142 143 147 152 162 165 169 170 172 173 174 177 178 180 182 185 189 196 197 200 201 209 210 214 221 222 231 240 242 243 245 246
1 3 7 21 25 27 31 35 38 39 40 42 50 51 56 59 77 78 79 84 91 94 96 97 98 99 100 101 102 107 111 122 123 125 129 136 140 143 144 145 149 152 161 165 172 175 183 188 193 198 201 202 204 208 209 210 222 234 238 239 241 247 248 249
0 4 5 6 10 11 14 16 19 22 25 27 31 32 39 41 50 53 54 55 59 61 65 69 71 73 76 77 79 87 102 103 107 108 110 111 112 117 120 121 125 130 131 132 134 136 138 142 152 157 158 159 160 161 165 169 176 179 181 184 189 190 192 195 196 200 206 207 210 215 216 218 222 226 227 229 233 234 238 239 240 246 248
3 7 17 18 27 28 29 33 34 38 41 46 47 51 52 62 67 70 76 85 87 88 92 93 94 95 101 107 109 114 121 127 131 132 139 143 144 145 147 153 154 155 160 162 163 165 169 170 171 174 175 179 180 182 191 194 195 198 199 203 205 215 216 218 221 227 228 235 236 237 238 245 248
3 9 15 16 18 34 39 43 44 50 53 58 61 65 68 72 74 75 76 79 83 91 93 95 96 97 98 99 101 109 115 129 143 145 147 158 162 163 167 169 172 179 181 188 192 195 204 205 207 208 214 218 219 222 223 224 225 230 234 235 248 249
1 3 8 10 17 18 21 26 27 35 37 39 41 42 51 53 54 56 64 65 66 68 70 74 79 92 96 97 103 107 109 114 119 121 122 127 128 132 134 138 145 147 150 157 160 166 168 172 173 175 177 181 184 187 189 192 194 196 200 205 207 208 209 216 217 221 225 226 229 240 241 242 244 247
2 4 6 7 11 12 16 17 20 26 29 33 37 40 45 47 50 56 59 70 74 77 91 94 99 100 115 116 129 133 141 144 145 155 162 165 171 172 174 181 186 187 189 190 193 194 195 196 197 198 200 201 204 205 206 207 208 213 215 218 225 227 229 234 239 241 249
7 9 13 15 16 18 20 22 23 24 28 32 35 36 43 58 61 69 75 77 80 81 83 91 93 94 96 98 100 101 105 116 119 123 125 132 135 136 143 151 154 155 160 168 177 190 195 203 211 212 224 227 230 234 236 241 242
1 3 8 9 16 19 20 22 27 28 32 39 42 43 47 58 60 61 65 66 69 72 79 82 86 88 91 93 94 97 100 102 103 106 109 110 112 115 125 132 138 140 141 142 143 145 149 151 154 156 158 167 168 177 179 181 184 185 186 194 195 196 197 201 205 209 211 214 230 231 235 239 241 242 245
0 2 3 4 6 7 9 14 17 19 32 34 42 43 44 46 47 48 49 50 54 55 64 66 67 68 69 71 72 73 75 78 85 90 91 92 94 103 108 117 120 121 124 126 138 141 146 147 149 150 155 163 168 174 175 181 183 188 191 197 200 202 203 204 205 210 215 216 220 224 225 229 234 235 236 239 242 245
1 3 16 20 21 22 23 27 35 39 45 47 49 51 55 57 64 65 66 67 69 70 71 72 73 75 81 82 86 88 90 91 95 103 108 109 112 113 120 122 131 132 133 135 136 140 144 146 153 155 161 166 168 169 170 176 179 184 193 197 198 207 208 209 210 215 222 225 226 228 229 230 232 239 248
4 6 7 8 9 16 17 27 28 30 39 43 48 51 54 56 60 61 63 65 67 72 80 81 84 88 90 98 100 101 104 105 106 107 108 120 122 123 130 133 135 140 142 143 147 150 152 154 155 158 163 164 165 167 169 171 176 181 182 184 188 196 197 205 207 211 213 217 218 222 226 230 236 244
0 2 4 5 7 12 18 21 24 26 27 28 31 35 37 41 42 43 47 51 55 56 66 69 75 77 78 83 84 93 94 95 97 98 99 102 104 106 107 110 112 113 122 123 125 127 128 130 135 136 138 139 140 141 143 144 149 153 158 159 162 164 165 171 172 177 182 183 184 187 191 193 194 196 200 206 208 216 218 221 231 234 236 238 244 246
0 3 14 17 21 24 28 30 31 33 40 51 52 66 67 69 70 72 77 79 80 81 83 84 86 90 96 100 103 104 108 112 113 114 116 119 120 126 130 131 135 138 140 143 148 149 152 153 154 160 164 173 181 187 188 189 192 198 201 204 207 213 214 217 222 234 235 237 239 247 248
1 3 5 10 11 14 36 40 41 42 43 52 53 57 58 60 61 67 77 82 84 88 90 91 96 98 100 101 104 106 108 111 117 120 122 125 135 137 139 140 141 146 151 153 156 160 162 163 173 181 182 189 190 193 201 202 203 204 209 210 213 214 215 216 224 226 231 233 237 238 242 243 248
2 10 15 23 24 25 27 29 34 36 37 39 42 43 45 50 54 56 59 62 65 66 78 81 89 93 94 104 105 107 108 112 113 115 117 127 130 131 132 133 134 137 138 143 145 147 150 157 159 165 167 169 174 179 181 186 188 194 197 199 200 201 203 204 205 207 208 209 210 212 214 217 218 219 223 227 228 235 240 241 243 244 245 247 249
0 1 10 11 13 15 21 26 29 31 38 42 43 44 46 54 56 63 64 66 79 81 86 87 89 93 94 98 109 116 121 122 127 130 132 139 146 147 151 153 154 155 156 157 158 161 164 168 174 179 180 181 188 189 190 192 194 195 200 201 203 204 208 213 214 215 218 220 226 227 239 241 243 245
2 3 4 5 9 10 25 27 30 37 40 44 49 50 51 52 55 57 59 62 64 66 68 71 73 74 78 86 94 99 100 101 109 111 114 134 135 140 141 145 146 148 149 150 153 155 163 166 167 168 171 175 176 189 192 198 200 201 203 205 209 210 213 219 220 222 223 224 230 231 234
1 3 7 8 9 11 13 15 16 20 23 24 28 29 32 39 44 45 49 55 67 71 75 77 78 84 87 92 93 96 101 102 103 104 106 112 114 115 117 119 120 122 125 128 129 132 133 135 141 142 143 163 166 169 170 171 177 183 184 186 189 192 194 195 197 198 200 205 207 208 210 212 216 221 223 225 236 241 242 247
3 5 6 9 11 13 18 19 22 32 35 40 43 44 48 50 52 54 55 57 64 71 72 73 75 79 80 82 83 89 93 96 97 98 100 101 104 109 111 112 114 123 132 134 136 147 149 151 156 157 159 161 162 173 174 177 179 180 181 182 184 185 188 191 197 201 202 204 205 209 210 213 215 217 222 223 224 227 228 234 238
3 5 6 9 10 19 25 26 31 33 35 43 54 59 60 64 67 74 76 79 80 82 84 90 91 92 96 100 103 104 107 109 112 113 114 116 121 128 130 131 132 133 134 137 144 145 149 157 171 179 183 185 191 193 194 197 199 209 210 212 213 215 223 227 228 230 231 232 234 243 247
2 3 15 19 22 26 30 32 33 34 36 39 42 43 44 45 48 51 52 54 56 59 62 69 70 73 74 76 80 84 93 96 98 103 112 126 128 129 132 134 137 138 143 145 147 152 154 156 157 158 161 163 165 171 174 175 177 178 180 185 186 188 192 195 200 202 205 212 213 216 218 219 227 228 231 233 240 246 248 249
0 1 6 9 15 22 26 27 28 30 32 34 36 37 39 40 45 50 53 55 57 58 59 61 62 72 78 80 82 85 86 87 90 92 93 98 101 102 103 108 120 122 128 131 138 144 156 160 161 162 171 173 176 179 180 182 187 188 193 194 198 206 207 210 212 220 221 222 224 230 231 243
7 10 11 13 15 17 18 20 21 22 24 31 34 36 37 38 39 42 43 45 47 48 49 53 58 62 72 73 76 77 78 81 83 90 93 94 96 98 100 107 108 109 115 120 121 123 124 127 128 131 132 133 135 138 141 147 151 153 154 155 156 157 158 162 163 164 166 169 175 177 181 186 190 195 199 200 201 205 212 213 215 219 221 230 232 234 236 237 240 241 244 245 247
0 3 6 8 10 16 20 25 28 34 44 47 49 52 55 56 63 64 65 67 69 74 84 86 87 94 107 113 115 121 123 126 130 132 140 142 146 151 154 163 170 175 178 184 185 194 198 204 206 208 209 212 213 215 217 220 227 232 234 235 236 238 239 243 245
1 4 5 6 7 12 16 18 20 21 22 23 26 29 31 33 38 39 41 46 61 62 67 70 75 77 78 82 90 98 100 104 108 113 114 119 121 123 124 125 126 128 135 137 140 141 149 151 158 162 163 165 170 171 174 180 182 184 185 195 203 204 210 212 213 216 223 226 227 228 229 231 232 233 237 245 246 247
0 1 3 12 13 17 24 28 29 31 33 36 50 51 56 60 63 67 69 72 78 80 85 87 88 89 90 93 94 98 103 104 106 109 110 116 129 130 134 136 137 144 154 158 162 163 167 174 179 180 182 185 186 188 194 197 201 203 207 208 209 211 213 215 217 228 237 242 244 246
8 9 10 13 20 24 25 27 28 36 38 41 42 43 44 45 47 48 61 62 64 65 68 71 81 83 87 89 93 99 101 103 105 114 120 123 124 125 129 131 135 136 139 141 143 149 153 155 158 159 161 164 165 177 188 191 196 197 200 204 210 213 221 226 228 230 235 239 240 241 244
0 4 7 8 13 14 16 17 19 24 28 30 36 37 46 49 51 56 57 59 60 61 64 69 73 74 77 78 82 85 94 96 100 107 110 111 113 119 133 137 151 154 155 156 158 164 166 172 179 184 185 187 189 193 195 200 204 205 207 211 213 214 215 221 226 227 228 235 236 237 242 244 247 248
0 3 8 10 11 12 14 20 23 27 28 29 37 39 43 45 48 49 52 54 55 56 64 65 67 69 70 74 78 80 87 98 100 106 107 108 109 110 114 116 121 128 129 132 133 137 139 140 145 147 157 160 161 162 165 169 172 175 177 179 180 181 182 184 189 192 193 194 198 199 200 208 215 216 218 222 223 224 226 236 239
0 2 8 11 14 15 16 23 25 26 29 31 34 35 36 37 38 40 45 48 55 60 70 71 72 73 75 79 82 85 86 87 89 95 97 101 118 125 129 131 135 137 151 154 156 157 159 160 164 168 172 176 177 200 203 207 208 209 211 213 220 221 224 225 227 228 232 233 235 240
2 5 14 18 21 24 35 38 39 41 48 56 58 62 63 64 65 69 76 77 80 81 82 83 84 86 91 97 100 107 117 127 128 134 136 139 143 144 145 148 150 152 153 155 157 158 162 163 166 167 169 171 174 176 194 195 198 201 204 211 215 216 218 223 226 227 232 236 237 240 243 247 249
6 7 8 9 18 19 26 27 28 30 35 38 39 47 52 54 55 61 62 63 64 66 72 76 77 79 82 88 89 90 91 92 96 99 103 104 105 107 108 114 116 120 121 122 131 133 141 151 157 161 167 177 178 181 186 187 189 190 194 197 199 202 207 213 221 223 226 229 236 242 245 246 249
2 7 8 9 13 17 18 26 33 39 41 43 53 54 56 57 58 59 62 65 70 71 77 78 79 80 81 84 85 87 90 91 93 97 98 100 103 105 106 112 119 123 130 132 133 134 136 137 143 147 151 156 160 162 164 167 174 178 179 184 185 194 195 202 203 204 206 207 209 216 221 226 228 230 238 247
1 4 5 9 14 16 17 21 24 27 30 44 48 49 54 57 61 66 68 74 77 79 85 86 88 94 96 99 100 102 104 106 111 113 114 118 123 127 128 131 133 136 141 143 144 146 148 150 155 156 162 166 169 170 171 173 174 176 177 181 187 204 213 214 216 217 219 220 224 226 231 232 234 241 242 244 245
4 7 8 26 30 32 35 36 43 47 48 52 57 58 60 65 66 70 72 75 77 79 81 83 84 85 87 92 96 107 113 123 126 127 129 130 131 136 137 143 147 148 151 154 157 158 159 162 163 176 178 185 189 190 191 194 198 204 207 210 211 215 216 217 224 227 229 231 233 236 242 247
3 5 7 9 16 17 19 21 22 23 31 33 36 44 57 61 66 75 80 89 95 96 98 101 107 112 115 116 117 118 128 134 136 139 141 142 143 148 150 153 154 157 158 160 162 167 168 174 178 183 184 186 187 191 192 194 200 201 203 206 208 211 212 213 217 225 227 230 233 239 249
1 3 6 9 12 13 15 16 17 22 25 33 37 38 40 46 47 49 61 63 65 70 77 92 94 96 97 98 100 101 113 118 122 125 135 136 139 140 141 143 149 150 151 152 155 156 158 159 165 166 167 169 170 176 177 178 179 181 182 186 187 191 192 194 200 201 204 206 207 208 209 212 217 218 226 230 237 245 246
0 2 4 5 8 9 10 11 13 18 19 25 28 29 39 40 43 44 47 48 49 50 51 61 68 69 72 75 82 86 89 93 96 99 108 109 110 116 119 122 124 128 131 132 136 141 143 145 146 147 148 151 155 156 157 159 160 163 164 174 176 180 182 185 188 191 193 195 198 203 206 208 210 218 220 222 223 227 238 240 242 246 248 249
0 2 4 6 12 13 14 18 20 22 27 29 30 33 38 41 42 46 47 49 56 57 59 61 66 69 73 74 78 81 86 94 95 97 102 103 104 105 106 108 112 122 132 135 139 147 150 155 157 158 160 162 163 164 165 169 172 175 176 180 184 186 188 189 190 198 207 209 210 213 216 217 224 229 233 247
0 3 7 9 10 11 18 19 22 23 25 28 30 32 35 41 42 45 60 61 64 65 67 69 72 74 77 80 84 86 92 95 96 100 103 104 106 107 112 114 117 118 122 123 125 127 133 134 142 149 150 153 156 158 159 166 167 170 171 178 182 184 187 192 200 201 203 204 212 218 227 229 234 239 241 246 248 249
3 4 18 24 29 41 44 47 49 52 54 57 59 63 69 72 74 75 78 85 96 98 100 101 104 110 117 118 121 122 130 136 139 141 142 147 149 152 164 170 175 176 180 182 183 186 187 189 191 193 196 202 204 206 215 216 218 220 221 222 230 236 239 240 241 242 243 245 247
0 2 3 4 5 8 10 14 28 30 34 35 37 43 50 51 52 53 56 61 62 68 69 76 81 86 88 93 98 99 100 103 107 108 116 118 119 120 123 124 126 132 134 139 142 143 145 146 149 151 153 154 155 156 159 163 168 177 184 190 196 202 203 204 206 209 210 215 216 224 226 229 230 235 236 238 241 244 245 249
0 1 3 7 11 12 17 18 21 22 23 24 25 27 31 32 33 34 38 41 43 44 45 47 48 52 55 56 58 60 66 68 74 80 88 89 92 93 96 100 106 114 115 117 123 124 129 131 134 137 138 141 143 144 145 146 151 155 158 159 162 168 170 177 180 184 191 195 202 206 207 212 214 217 224 243
1 4 5 10 16 20 21 22 24 27 30 32 36 37 46 48 57 64 67 70 71 73 79 80 81 82 85 87 89 99 100 104 105 111 115 131 132 133 136 143 147 148 150 153 158 159 161 171 172 177 178 179 187 194 195 199 204 206 207 211 214 227 230 233 234 236 244 246 249
4 12 13 14 15 21 22 30 36 37 38 46 49 56 60 63 67 69 73 80 84 85 86 94 96 97 98 99 104 114 118 119 120 121 122 123 126 131 132 135 141 145 147 149 157 159 169 177 180 181 184 193 198 199 201 204 206 222 223 226 229 231 232 233 239 240 246
2 5 6 9 11 12 22 25 35 37 38 40 41 45 54 60 61 62 69 73 75 78 79 83 85 89 91 93 94 95 97 99 103 108 110 114 115 125 130 137 138 143 148 151 154 157 160 167 168 170 171 172 178 179 185 187 188 190 193 196 198 199 204 206 210 213 220 222 229 232 235 243
6 19 27 30 33 38 40 50 53 55 56 62 65 66 77 82 84 88 95 105 110 124 128 131 135 137 146 151 152 153 156 157 160 166 181 182 184 186 191 193 200 202 203 204 206 207 209 211 212 213 214 216 220 226 227 228 232 239 246
0 4 8 9 17 20 21 24 27 31 32 33 35 37 44 47 51 54 55 59 60 61 63 64 69 70 79 82 84 89 90 92 93 105 107 111 114 119 125 127 128 129 130 136 137 150 156 162 163 166 171 172 176 180 185 186 188 195 197 202 203 204 207 211 221 228 235 236 238 241 242 247
0 6 10 14 15 18 21 24 25 27 28 31 33 36 37 38 40 51 58 60 61 62 69 70 75 76 78 82 86 87 91 93 103 106 111 120 122 123 124 130 131 135 138 143 149 151 154 157 159 165 175 176 181 182 183 184 185 191 193 197 201 203 204 206 210 211 219 222 223 224 246 249
6 7 14 17 26 27 28 30 31 38 42 44 45 50 52 55 59 60 61 63 66 70 71 73 80 87 88 92 102 107 112 113 117 120 123 130 138 144 145 154 157 160 161 163 166 171 177 191 196 202 204 206 209 228 231 234 236 239
0 2 3 4 6 13 14 17 19 20 22 27 31 34 38 43 50 52 53 54 56 57 62 64 65 68 69 71 79 81 85 86 87 88 89 90 92 93 94 96 97 102 104 107 111 115 117 123 126 131 132 137 138 140 141 142 145 151 154 160 164 166 168 170 172 177 183 184 185 194 205 206 209 214 219 220 222 223 227 231 236 240 245 246 248
0 5 8 9 13 19 20 26 27 33 34 37 38 42 43 45 57 58 63 64 68 71 72 76 79 80 91 93 95 96 99 104 108 113 114 116 118 120 121 124 125 126 132 148 149 150 159 164 166 168 171 178 184 188 189 192 193 194 198 202 203 207 208 209 210 214 215 217 219 220 222 225 227 238 244 249
11 13 14 17 20 24 25 26 27 28 29 30 31 33 37 41 44 50 51 59 60 67 68 72 73 75 76 77 80 84 89 93 101 103 108 112 116 117 119 120 125 133 134 139 142 154 177 184 195 197 198 201 203 204 206 213 215 219 221 224 227 241 248
1 2 4 7 8 10 11 14 16 18 19 23 24 27 32 35 36 38 39 43 52 54 59 63 64 67 69 73 74 76 77 79 83 84 87 92 94 95 96 100 102 107 109 112 113 120 123 126 129 135 136 139 141 145 146 151 153 154 156 158 176 182 184 191 192 193 195 197 202 205 207 211 212 213 223 224 225 232 238 241 242 245 248
0 1 2 23 24 25 27 31 33 34 35 39 43 47 48 52 54 59 63 65 66 68 70 73 93 102 106 108 110 112 114 119 121 123 125 129 137 141 143 144 149 159 161 169 176 178 181 186 189 190 191 197 200 201 202 205 209 211 216 217 221 225 227 231 239 240 244 246 249
9 10 11 14 15 21 28 30 39 44 45 49 56 58 59 63 68 76 82 84 86 89 93 97 99 100 105 106 107 108 114 122 130 131 137 142 150 151 154 155 157 158 159 161 168 169 174 175 184 195 197 199 200 203 205 210 211 216 217 221 233 237 241 245 248 249
0 1 4 15 37 45 47 50 54 59 70 75 79 80 82 85 93 98 99 106 111 112 113 116 120 125 127 128 132 138 139 141 143 147 149 150 152 154 157 162 163 164 165 170 171 173 179 181 183 184 187 192 200 205 213 214 218 222 223 238 239 245 246 247
4 6 12 15 18 22 23 26 34 35 40 43 44 52 57 59 60 63 64 72 73 74 75 77 79 82 83 84 86 87 88 91 94 98 101 109 113 118 119 120 141 144 152 153 155 156 157 160 164 166 172 175 181 184 185 186 188 189 193 194 196 203 206 208 214 216 218 220 222 226 230 242 247
0 4 5 10 11 14 16 17 18 20 21 22 28 33 35 36 40 45 46 51 52 57 63 64 65 69 71 73 79 80 82 84 86 87 89 90 92 95 96 100 107 111 113 122 123 124 128 130 135 136 139 140 142 146 148 149 153 157 164 166 177 182 184 185 186 189 195 197 209 212 220 225 231 232 235 236 244 247 249
4 5 6 11 17 19 22 31 51 53 56 57 58 60 64 65 68 70 71 73 75 76 79 81 85 89 90 93 99 100 104 105 106 116 119 120 123 136 139 141 142 145 146 149 158 159 161 163 165 168 182 184 186 187 188 194 195 197 203 209 213 214 222 225 227 230 238 245
0 10 12 15 16 24 26 29 32 37 39 42 43 44 51 52 55 56 57 59 64 67 68 74 75 76 78 80 81 82 86 87 88 92 93 95 101 102 106 109 110 112 114 119 122 124 125 126 128 129 131 133 134 135 136 139 143 149 152 154 157 165 167 169 175 177 178 182 186 196 198 203 212 217 219 225 231 236 241 243 244 246
2 3 6 12 14 15 18 20 21 28 29 32 33 35 42 46 50 66 76 77 79 81 84 85 86 91 94 104 105 107 108 114 120 123 131 132 134 139 142 145 146 149 157 158 160 161 167 169 174 179 180 181 184 185 187 190 191 199 204 207 215 216 223 224 230 231 234 235 238 240 248
11 13 17 24 31 33 39 43 49 50 53 55 59 63 64 66 68 71 74 78 80 84 89 90 93 97 98 100 103 109 112 113 117 121 129 132 138 140 156 161 169 171 177 184 186 192 194 195 201 202 203 210 221 222 228 230 234 242 247 249
0 1 3 5 9 23 27 28 32 35 36 40 41 45 46 47 48 51 57 58 69 78 83 85 86 90 91 95 97 98 101 104 110 117 122 125 128 130 131 132 138 139 144 145 148 149 153 156 159 160 162 163 165 167 169 171 172 173 174 176 177 178 179 180 182 183 185 190 200 204 206 214 216 220 222 223 229 230 243 244 247 248 249
2 16 18 20 25 28 31 32 35 39 40 45 46 60 65 68 70 72 76 79 81 83 90 91 96 98 101 113 114 117 118 120 128 139 140 141 144 145 146 148 153 155 158 166 168 169 171 178 179 182 184 187 188 194 196 199 200 203 205 208 210 212 214 215 220 223 224 226 231 233 239 244 246 248 249
0 1 2 5 10 12 18 19 20 24 28 29 31 32 33 37 41 58 61 65 66 68 71 77 78 81 83 89 91 92 96 98 103 105 107 110 112 126 128 135 138 141 143 146 152 156 157 159 161 167 168 175 178 179 180 181 183 188 189 191 199 200 203 204 205 213 218 220 222 223 224 235 236 240 248
3 5 8 14 16 17 18 21 23 24 25 27 35 42 46 47 48 51 55 57 58 63 64 65 72 73 75 82 84 91 92 95 100 104 107 112 113 115 116 125 126 132 133 142 148 152 154 156 157 160 161 164 166 177 180 182 185 196 203 213 216 217 221 223 227 231 234 235 236 237 241 246 248 249
1 3 4 6 7 8 10 13 15 17 20 22 25 28 30 33 34 38 42 44 47 51 58 60 64 67 69 71 73 75 77 82 84 89 95 96 100 104 105 106 113 116 118 121 124 129 131 133 135 136 139 141 142 146 147 158 159 166 168 172 178 180 185 186 190 196 197 198 199 204 209 217 218 220 226 228 231 232 234 236 238 240 241 243 247
3 9 14 17 19 23 25 36 38 42 44 50 52 55 58 59 60 63 67 68 74 75 76 82 83 85 91 93 94 100 106 107 108 116 117 118 119 120 122 125 126 133 134 136 137 138 148 149 152 155 159 161 172 175 178 179 186 190 191 200 202 204 206 208 210 211 213 214 220 224 226 227 229 232 233 234 235 239 242 244 245 247 249
2 4 8 10 14 15 18 21 26 27 29 31 37 38 42 47 49 51 53 54 60 62 64 66 67 70 73 76 80 81 82 87 88 90 91 95 96 97 106 109 110 115 122 126 127 134 136 143 152 155 159 162 166 175 182 184 188 189 200 202 204 206 215 216 225 231 232 233 234 240 242 245 248
1 3 6 10 12 16 21 25 30 35 40 42 43 44 46 47 58 63 66 68 76 80 81 84 90 91 92 95 98 100 103 104 105 110 111 113 119 123 129 132 139 140 147 155 156 157 158 161 163 167 169 170 174 175 182 186 189 194 195 198 199 200 205 209 210 214 223 224 226 227 228 232 233 234 237 238 247
5 19 29 34 36 37 39 40 45 47 52 57 58 75 78 85 94 95 99 107 108 111 113 119 122 124 125 133 136 137 138 141 149 156 157 160 172 174 177 183 197 198 201 214 219 220 222 235 237 238 241 245
2 3 7 10 15 17 18 20 21 24 26 30 32 35 41 44 50 55 59 64 66 69 70 73 81 90 91 95 99 109 111 112 113 116 117 119 121 126 130 132 134 140 142 148 149 158 161 165 166 167 169 172 174 178 194 197 204 212 217 222 223 224 225 228 237 239 240
6 7 10 11 23 24 33 36 37 38 39 41 45 47 50 52 53 56 57 60 61 62 63 65 75 76 80 81 91 95 97 99 100 101 102 104 105 110 111 115 116 123 125 126 128 132 135 136 138 140 142 144 146 149 151 152 153 155 156 157 164 171 172 178 180 183 185 191 193 195 196 198 200 203 204 205 207 210 213 215 217 218 221 225 228 235 238 240 241 244 248
3 6 12 13 17 20 24 25 29 31 32 33 35 38 39 40 41 43 44 50 51 52 53 55 56 58 59 61 67 68 69 75 76 77 82 85 90 91 94 97 98 99 103 113 115 117 122 123 124 126 127 128 136 138 141 143 145 148 151 153 158 163 164 168 173 174 176 179 180 183 191 194 200 201 202 203 206 207 208 215 216 217 219 221 223 224 228 229 234 242 243 244
6 7 11 13 16 18 19 25 26 28 33 37 40 43 44 48 49 50 56 59 60 61 62 64 65 74 77 78 80 81 82 92 99 100 102 105 110 111 116 120 122 125 126 128 131 132 147 161 162 166 170 178 181 185 187 188 194 197 202 203 204 208 211 213 215 221 223 225 230 233 234 240 244 245 247
1 3 4 7 9 15 17 19 20 22 25 27 29 34 36 39 42 46 47 49 51 53 56 61 62 67 68 75 78 83 84 86 87 90 95 99 100 101 108 109 112 116 117 120 126 128 129 130 131 135 138 139 140 146 147 152 168 169 173 174 175 176 179 180 188 192 193 196 200 205 206 209 213 214 215 219 221 223 225 233 239 241 247
1 2 3 4 7 11 12 20 23 24 30 33 35 37 38 39 42 43 46 48 55 57 60 61 66 67 68 70 79 80 87 88 89 95 98 101 105 107 108 112 114 115 117 119 121 123 126 130 133 137 138 142 144 149 151 155 158 159 165 166 172 173 181 188 191 192 194 199 200 203 205 206 208 209 214 218 221 230 237 240 247 248
1 2 3 7 8 12 13 16 24 26 30 31 35 48 49 53 54 56 57 58 59 60 64 65 68 70 71 74 78 79 80 82 86 88 89 90 92 93 102 105 107 108 116 117 123 135 140 143 149 152 164 165 166 176 182 185 186 188 191 198 207 215 216 219 221 223 226 227 228 235 238 239 240 241 243 244 247 248
1 19 20 21 24 26 27 31 45 46 48 53 58 64 65 71 76 78 79 80 83 93 104 107 109 110 112 116 117 120 122 125 126 129 132 135 136 137 138 141 143 147 148 149 150 156 157 160 167 175 176 177 184 185 186 189 190 191 194 195 197 198 203 207 210 213 217 218 221 222 229 232 234 237 238 239 241 245 246 247 249
2 4 5 7 9 11 12 23 27 33 36 39 40 43 54 60 70 71 76 85 93 97 100 106 107 113 120 121 126 128 133 134 135 136 137 139 143 146 151 156 157 160 165 169 173 175 183 192 195 203 206 207 213 218 221 224 225 226 228 232 234 235 238 244 248
1 9 10 11 14 22 27 28 30 33 37 38 40 43 44 48 50 56 60 62 69 72 74 76 78 80 86 95 104 106 107 112 115 121 129 134 139 141 152 153 161 162 163 167 168 170 172 174 175 183 189 190 195 196 203 208 214 215 216 220 222 230 234 239 240 242 247
5 6 23 26 29 32 37 39 43 45 49 54 68 70 73 74 75 77 82 95 98 99 100 102 105 106 108 112 114 123 127 129 134 135 136 137 145 146 150 153 156 158 160 162 167 168 169 172 173 176 178 180 181 183 185 186 187 194 195 196 198 200 201 202 207 208 215 216 225 227 228 230 235 238 241 244 249
3 4 11 12 13 17 18 19 24 25 27 35 36 38 45 46 56 58 60 68 74 77 79 83 91 92 93 95 96 112 115 121 124 126 129 133 134 135 136 139 144 145 147 148 151 153 154 155 157 160 161 162 164 165 166 167 168 169 170 173 182 184 186 188 189 190 193 194 196 206 212 217 221 231 232 243 246 248
2 3 6 7 11 12 14 15 16 17 20 21 22 31 35 36 38 39 41 42 43 53 58 60 62 72 75 81 90 94 101 103 107 108 114 116 123 124 125 126 128 129 131 135 137 138 139 141 143 148 171 174 175 176 177 185 186 191 194 197 198 213 214 216 221 224 225 232 235 236 240 241 244 246 249
1 3 7 8 13 16 20 23 24 28 30 31 34 35 36 37 38 40 46 47 48 53 55 56 58 68 70 71 72 77 84 85 92 93 94 95 105 109 114 116 118 122 126 132 142 144 153 156 157 158 161 162 163 164 165 166 167 169 170 171 173 178 184 189 190 195 197 198 201 204 210 212 214 216 227 230 232 237 242 244 247 248 249
0 2 5 6 10 13 18 20 23 25 26 27 28 30 39 41 44 45 48 51 61 63 64 65 67 68 71 75 79 82 87 98 99 103 111 114 117 122 124 125 126 130 131 133 135 138 142 146 148 150 152 153 155 157 159 163 164 167 168 172 174 182 194 195 199 200 201 203 214 217 223 224 235 238 239 240 241 243 246 247
1 2 8 14 15 16 24 26 30 31 33 35 36 38 40 45 47 51 56 57 60 67 69 70 71 72 73 78 84 87 88 92 93 98 99 101 102 103 107 116 117 121 124 125 126 130 132 135 136 138 144 146 149 150 156 157 158 172 178 185 189 195 196 198 202 203 210 218 219 231 233 235 236 237 249
6 12 14 15 16 17 19 22 24 29 30 36 37 40 42 43 48 50 51 57 60 64 66 69 72 73 77 78 81 86 90 91 93 98 103 105 106 109 112 114 116 120 121 125 128 130 134 135 137 139 140 144 146 150 153 157 159 162 167 170 171 172 175 179 180 188 191 197 198 211 214 216 223 226 229 232 233 238 239 241 242 244 245 247
2 4 7 10 11 12 15 17 25 27 30 31 38 39 40 42 44 46 50 56 57 61 64 68 70 71 73 76 80 81 83 84 85 86 88 90 97 99 102 105 111 112 114 120 121 122 129 130 134 135 137 138 139 140 142 145 147 155 158 159 162 166 169 172 176 183 185 189 191 194 200 206 208 221 225 228 235 236 237 244 246
1 4 5 8 9 15 17 20 25 27 29 31 33 37 41 42 45 52 53 55 67 68 70 73 74 85 92 94 95 96 97 98 101 103 107 108 117 127 128 131 146 148 150 151 155 156 164 167 168 169 174 175 176 189 196 209 215 221 228 230 233 239 241 243 249
0 3 5 17 20 26 30 31 33 34 38 40 41 44 51 55 58 61 63 64 67 68 69 72 81 82 83 89 90 98 103 104 105 110 112 115 118 127 135 138 140 141 142 143 144 145 156 157 160 163 167 174 179 181 185 193 204 206 220 224 226 232 234 238 240 241 242 246
2 5 11 16 17 23 28 35 36 46 47 48 58 59 60 67 68 79 80 84 88 92 97 98 104 116 126 131 133 134 136 137 139 140 141 143 144 145 146 147 148 150 152 154 156 159 166 167 173 174 177 180 186 187 189 194 196 197 200 201 205 217 219 223 232 233 235 247 249
1 7 10 12 15 18 21 26 27 29 30 38 52 53 57 59 61 62 63 65 76 79 80 82 83 85 88 92 97 101 120 124 128 133 134 135 136 148 154 163 164 167 171 172 177 178 180 184 185 189 191 192 197 198 202 205 206 207 209 216 218 219 220 222 224 226 233 240 242 246 247 248
7 16 17 22 26 28 29 31 35 37 40 42 47 51 52 54 61 67 68 69 70 72 74 77 79 84 87 90 92 94 95 96 98 99 101 118 119 122 123 126 129 130 134 136 139 140 143 144 146 148 149 151 155 161 162 172 173 182 185 190 194 195 196 197 199 202 203 211 220 223 227 231 232 233 235 237 240 246
0 8 11 14 20 25 26 28 41 42 47 49 50 51 53 55 56 57 58 59 61 66 70 75 82 86 87 88 94 97 99 102 112 114 115 117 118 119 122 123 125 129 132 134 138 141 145 149 151 153 154 155 159 161 162 167 175 176 178 182 184 187 190 195 199 202 203 205 206 209 214 217 220 223 227 231 234 236 239 241 245 246 247 248
4 10 11 15 16 17 18 19 24 28 29 33 38 41 44 45 48 49 54 55 61 62 69 71 76 83 85 86 90 92 94 98 99 105 112 113 125 131 133 135 139 144 146 154 155 156 157 159 163 172 175 176 181 187 188 193 194 195 200 204 207 213 216 219 221 223 224 227 229 230 233 234 236 245 247
1 4 5 16 17 19 24 26 28 31 32 39 46 48 56 59 61 63 64 67 68 71 73 75 83 87 94 98 100 101 102 105 110 113 116 117 122 123 124 126 131 132 135 136 141 149 151 157 158 160 161 177 178 186 188 194 198 200 201 208 214 220 225 228 235 236 237 240 246
1 4 6 7 12 18 20 21 22 23 25 29 44 45 46 49 58 63 66 68 69 71 77 80 81 84 90 91 102 107 109 110 112 113 118 124 135 137 141 143 154 169 171 172 173 181 192 195 197 199 208 213 214 217 222 224 226 229 231 232 234 237 248 249
0 1 2 10 11 15 17 18 20 22 28 31 32 33 40 46 47 50 51 52 54 55 56 60 61 65 72 73 74 76 83 88 95 104 106 109 110 113 114 119 129 136 137 142 144 150 154 158 161 166 167 171 172 178 179 184 185 186 188 189 192 202 212 214 215 216 218 221 222 223 225 226 227 228 231 232 234 235 237 238 245
0 5 6 12 13 14 16 20 23 24 31 33 39 40 49 52 57 58 61 64 79 83 86 88 89 92 94 97 102 103 104 105 110 111 114 115 117 119 120 123 125 132 138 142 143 147 148 150 152 153 161 168 173 175 176 183 187 194 195 196 197 198 199 200 201 204 205 210 211 217 220 227 233 235 238 241
2 4 8 9 18 22 29 32 36 37 38 47 49 50 51 53 56 57 60 63 70 71 78 79 80 82 86 88 90 91 92 93 98 101 102 104 106 110 114 120 121 122 124 130 131 133 137 139 142 149 158 161 165 166 169 171 172 177 178 180 183 184 186 192 193 200 202 214 219 220 225 227 230 231 234 239 241
3 11 14 16 20 24 28 30 31 33 37 39 44 49 52 53 61 64 70 72 76 82 84 87 89 91 92 93 97 99 101 102 104 107 110 111 113 116 117 118 119 124 135 137 138 139 140 145 149 151 152 158 165 169 171 174 177 182 184 185 186 187 191 193 195 196 197 199 207 209 213 215 216 217 220 224 226 227 233 234 235 239 240 241 242 243 245 248 249
1 5 6 8 17 18 19 22 23 27 32 42 45 49 50 58 64 69 70 80 83 88 90 91 92 93 95 98 101 107 108 112 113 117 124 127 129 134 137 139 142 149 150 154 155 159 162 163 169 173 174 182 185 186 189 191 193 195 201 205 207 212 214 217 219 223 226 230 232 234 235 240 241 242 247 249
0 9 12 14 15 16 18 35 36 37 41 42 44 49 50 51 52 58 62 63 66 70 75 79 82 87 90 97 104 108 109 111 115 118 124 125 126 129 130 138 150 156 172 174 175 179 180 181 190 193 194 196 197 201 203 205 210 218 220 222 231 232 233 234 236 242 244 245 248 249
1 2 3 6 9 13 14 15 17 19 22 27 34 36 37 38 39 40 43 44 46 47 48 50 56 59 63 66 68 72 77 82 90 94 97 98 101 103 106 109 111 112 115 116 118 119 122 125 130 131 134 136 145 147 148 149 151 152 153 154 157 162 165 167 178 185 188 189 191 199 201 209 212 214 219 220 223 224 227 228 229 230 232 238 241 242 244 246 248
2 3 16 17 18 20 30 33 34 35 42 45 55 59 66 70 73 76 77 85 90 92 93 98 102 103 106 111 119 122 123 126 127 135 136 139 140 141 144 145 148 150 151 155 156 158 160 164 167 171 172 173 175 180 187 189 191 199 203 206 215 216 217 220 221 222 223 226 231 238 239 242 243
1 10 11 12 13 15 16 17 22 23 24 29 34 35 37 38 41 48 51 55 57 62 65 66 75 76 77 80 102 105 107 110 111 115 118 119 123 130 135 139 140 141 145 146 147 148 150 153 167 168 170 183 188 191 193 194 195 199 201 203 210 211 218 220 226 231 237 239 242 246 248
8 13 17 18 43 45 48 52 65 69 71 75 84 86 88 107 108 111 114 118 122 125 126 129 130 145 152 155 159 160 162 165 166 184 189 195 200 209 217 219 226 230 235 237 238 241 242 245 247 249
0 1 4 5 6 7 23 24 26 29 32 34 35 37 38 47 49 53 62 68 69 72 73 76 80 81 84 87 88 89 92 95 99 104 105 107 119 124 127 128 130 131 137 140 142 143 147 153 156 157 161 162 164 178 180 182 183 184 196 198 202 203 206 211 217 222 224 226 229 247
0 3 7 9 12 17 19 23 27 31 32 34 42 45 48 53 58 60 64 65 68 70 72 76 79 83 85 99 102 105 106 109 110 117 118 120 128 132 134 137 140 141 142 145 154 155 165 170 171 175 179 181 182 185 187 188 190 204 208 215 216 219 220 222 225 227 228 232 233 234 236 238 239 241 243 246 248
3 4 7 17 20 23 24 26 27 35 36 40 46 51 52 53 55 58 61 62 63 64 65 70 79 81 83 87 88 94 97 103 104 105 107 111 114 115 130 140 143 144 145 150 151 154 165 166 167 174 179 188 189 190 191 200 201 204 205 206 209 212 213 215 219 220 224 225 226 231 233 234 235 236 237 241 242 243 246 247 249
3 5 6 7 12 13 16 18 22 25 36 39 41 45 47 49 53 54 55 56 58 59 63 69 72 75 76 78 80 81 87 88 91 94 97 100 101 103 104 109 115 116 118 119 122 134 141 145 150 155 156 159 164 165 176 185 189 190 191 196 197 208 209 211 213 214 215 217 221 223 225 231 232 234 235 237 243 244 245 248
0 2 3 6 7 11 13 15 16 17 20 21 22 23 25 30 35 37 41 43 44 46 47 48 52 59 60 64 67 70 71 72 73 75 78 80 82 83 90 112 113 114 115 121 122 124 126 127 129 132 133 137 139 140 143 144 154 160 164 170 182 183 187 188 189 190 191 195 196 200 201 202 212 216 217 219 220 222 223 224 225 231 232 233 245 246 249
0 1 3 9 17 18 20 22 24 30 43 45 48 56 63 64 66 69 70 75 76 79 82 84 88 95 96 99 101 102 104 105 106 107 109 114 123 124 128 129 133 135 144 147 148 150 162 166 168 179 182 186 187 189 192 194 199 201 203 205 207 208 210 213 215 218 220 221 223 224 229 232 233 236 238 239 241
1 4 8 11 14 18 22 26 27 28 30 46 61 63 65 70 76 77 79 80 83 84 89 90 91 92 93 96 101 104 108 110 111 112 116 118 123 127 129 131 132 138 143 144 148 149 151 152 155 161 162 164 168 170 171 179 181 186 187 188 205 208 210 216 217 218 225 231 232 235 238 240 244 248 249
0 2 3 5 10 11 16 21 29 30 34 36 39 40 41 42 44 46 48 49 54 62 63 70 73 74 76 81 87 91 94 95 98 101 107 110 113 117 118 123 133 134 143 145 146 148 151 157 176 187 191 192 193 198 200 206 208 210 215 218 219 220 228 229 232 233 238 239 241 246 248 249
4 12 14 17 20 22 24 35 39 48 50 51 59 68 69 72 75 77 86 87 88 90 91 94 96 97 101 103 107 110 112 114 116 117 121 122 123 132 134 139 144 153 158 162 168 172 174 177 180 182 188 191 192 194 199 200 201 203 207 209 212 220 221 226 227 229 231 235 236 237 243 246 248
0 5 10 21 22 27 28 30 34 35 36 41 43 45 52 55 57 58 62 63 64 66 68 71 72 75 86 88 89 90 91 92 99 102 103 106 107 108 110 113 116 118 121 122 126 128 129 130 133 136 144 147 149 156 160 161 165 167 170 175 177 185 189 193 197 199 200 202 207 209 211 216 222 223 227 228 231 235 237 243 244 245 246 247
2 4 9 13 17 25 26 27 31 32 33 35 38 39 40 41 45 47 51 52 57 65 72 75 79 83 85 87 89 92 97 101 102 110 120 122 125 135 141 143 147 150 151 158 161 165 171 175 182 186 188 190 193 194 196 198 199 202 205 207 212 214 215 218 223 224 236
5 6 11 13 19 21 24 27 28 51 52 53 54 56 61 62 64 68 69 74 75 78 79 80 85 87 91 92 93 94 96 98 118 121 125 126 127 128 135 136 138 143 147 154 160 161 162 168 173 174 176 181 187 188 192 194 197 199 200 203 205 207 209 211 212 216 221 222 223 224 226 229 231 232 235 237 243 245 247 248
3 7 15 19 27 31 33 34 35 39 44 45 50 51 52 54 57 63 65 68 73 75 79 81 83 85 87 94 98 100 106 115 120 125 127 128 129 134 138 146 148 152 154 155 158 161 168 174 178 183 189 190 195 202 206 209 212 214 223 224 225 226 227 228 229 232 243 246 248
1 2 7 10 11 15 25 36 37 41 42 43 47 48 51 53 58 60 61 62 64 65 67 75 81 83 85 86 92 93 98 99 101 103 104 105 106 107 108 109 110 114 119 120 134 135 136 140 142 144 151 161 163 166 181 184 188 195 199 204 207 211 223 227 231 232 233 238 239 241 242 245 248
2 7 8 16 19 20 22 24 26 27 29 35 37 46 47 48 53 60 65 66 67 69 71 75 96 97 102 109 110 114 125 131 132 135 143 146 147 148 154 162 164 172 175 179 181 184 185 189 194 195 196 199 201 203 205 206 209 210 225 226 233 236 239 245 246 248 249
4 7 8 12 15 28 30 32 37 39 46 47 52 55 56 62 66 69 70 72 83 84 87 90 92 95 96 98 110 112 115 120 123 128 129 135 136 143 144 145 152 154 157 161 162 171 174 176 177 180 189 190 192 196 200 209 216 217 220 223 225 229 233 234 239 241 243 244 246
3 6 14 18 24 27 30 35 58 59 64 65 66 67 73 74 79 83 92 94 95 98 107 109 110 116 118 119 120 122 132 141 145 146 152 157 158 160 164 165 167 169 171 175 177 181 185 187 200 204 205 207 210 212 214 215 216 218 226 228 231 232 234 237 238 239 242 244 245 247
1 8 11 16 17 18 19 23 26 30 33 36 37 38 39 47 48 50 51 59 62 63 71 73 74 77 79 82 84 87 88 90 94 99 101 103 104 107 108 110 111 115 118 119 121 125 133 135 138 140 143 145 148 151 153 155 159 161 168 177 178 179 183 184 188 189 191 196 197 198 199 200 202 206 207 209 213 214 216 217 224 229 230 232 239 241 246
0 2 3 4 13 16 20 24 29 33 34 40 50 51 52 57 64 66 76 77 84 85 88 95 96 105 106 107 113 116 117 121 122 123 124 130 133 134 141 148 158 160 171 173 174 176 182 184 185 186 187 190 194 198 199 201 204 206 214 216 219 223 225 226 228 231 233 236 237 238 241 242 243 244
7 8 12 19 20 22 23 27 28 32 36 37 38 46 49 50 56 62 65 66 68 69 75 83 86 88 90 99 100 105 113 115 117 118 119 121 124 126 135 141 151 152 156 158 160 162 164 169 172 175 176 179 183 184 185 187 189 200 203 205 206 208 211 213 219 223 224 225 229 232 234 236 237 244

250 color is feasible, tried 29 step
249 color is feasible, tried 1 step
248 color is feasible, tried 0 step
247 color is feasible, tried 1 step
246 color is feasible, tried 0 step
245 color is feasible, tried 0 step
244 color is feasible, tried 0 step
243 color is feasible, tried 0 step
242 color is feasible, tried 0 step
241 color is feasible, tried 0 step
240 color is feasible, tried 0 step
239 color is feasible, tried 0 step
238 color is feasible, tried 0 step
237 color is feasible, tried 0 step
236 color is feasible, tried 0 step
235 color is feasible, tried 0 step
234 color is feasible, tried 1 step
233 color is feasible, tried 0 step
232 color is feasible, tried 1 step
231 color is feasible, tried 1 step
230 color is feasible, tried 0 step
229 color is feasible, tried 1 step
228 color is feasible, tried 0 step
227 color is feasible, tried 0 step
226 color is feasible, tried 1 step
225 color is feasible, tried 0 step
224 color is feasible, tried 0 step
223 color is feasible, tried 0 step
222 color is feasible, tried 2 step
221 color is feasible, tried 0 step
220 color is feasible, tried 1 step
219 color is feasible, tried 1 step
218 color is feasible, tried 0 step
217 color is feasible, tried 0 step
216 color is feasible, tried 0 step
215 color is feasible, tried 1 step
214 color is feasible, tried 0 step
213 color is feasible, tried 1 step
212 color is feasible, tried 0 step
211 color is feasible, tried 0 step
210 color is feasible, tried 1 step
209 color is feasible, tried 0 step
208 color is feasible, tried 0 step
207 color is feasible, tried 0 step
206 color is feasible, tried 2 step
205 color is feasible, tried 1 step
204 color is feasible, tried 2 step
203 color is feasible, tried 0 step
202 color is feasible, tried 0 step
201 color is feasible, tried 0 step
200 color is feasible, tried 0 step
199 color is feasible, tried 0 step
198 color is feasible, tried 0 step
197 color is feasible, tried 0 step
196 color is feasible, tried 1 step
195 color is feasible, tried 0 step
194 color is feasible, tried 0 step
193 color is feasible, tried 1 step
192 color is feasible, tried 0 step
191 color is feasible, tried 1 step
190 color is feasible, tried 0 step
189 color is feasible, tried 0 step
188 color is feasible, tried 0 step
187 color is feasible, tried 2 step
186 color is feasible, tried 1 step
185 color is feasible, tried 0 step
184 color is feasible, tried 0 step
183 color is feasible, tried 0 step
182 color is feasible, tried 0 step
181 color is feasible, tried 0 step
180 color is feasible, tried 1 step
179 color is feasible, tried 0 step
178 color is feasible, tried 0 step
177 color is feasible, tried 0 step
176 color is feasible, tried 0 step
175 color is feasible, tried 0 step
174 color is feasible, tried 1 step
173 color is feasible, tried 0 step
172 color is feasible, tried 1 step
171 color is feasible, tried 1 step
170 color is feasible, tried 1 step
169 color is feasible, tried 1 step
168 color is feasible, tried 1 step
167 color is feasible, tried 1 step
166 color is feasible, tried 2 step
165 color is feasible, tried 0 step
164 color is feasible, tried 0 step
163 color is feasible, tried 0 step
162 color is feasible, tried 1 step
161 color is feasible, tried 2 step
160 color is feasible, tried 0 step
159 color is feasible, tried 1 step
158 color is feasible, tried 1 step
157 color is feasible, tried 0 step
156 color is feasible, tried 2 step
155 color is feasible, tried 0 step
154 color is feasible, tried 0 step
153 color is feasible, tried 0 step
152 color is feasible, tried 1 step
151 color is feasible, tried 0 step
150 color is feasible, tried 1 step
149 color is feasible, tried 0 step
148 color is feasible, tried 0 step
147 color is feasible, tried 1 step
146 color is feasible, tried 1 step
145 color is feasible, tried 1 step
144 color is feasible, tried 0 step
143 color is feasible, tried 1 step
142 color is feasible, tried 0 step
141 color is feasible, tried 1 step
140 color is feasible, tried 1 step
139 color is feasible, tried 0 step
138 color is feasible, tried 0 step
137 color is feasible, tried 0 step
136 color is feasible, tried 0 step
135 color is feasible, tried 1 step
134 color is feasible, tried 3 step
133 color is feasible, tried 1 step
132 color is feasible, tried 1 step
131 color is feasible, tried 4 step
130 color is feasible, tried 2 step
129 color is feasible, tried 1 step
128 color is feasible, tried 1 step
127 color is feasible, tried 1 step
126 color is feasible, tried 1 step
125 color is feasible, tried 1 step
124 color is feasible, tried 0 step
123 color is feasible, tried 0 step
122 color is feasible, tried 2 step
121 color is feasible, tried 0 step
120 color is feasible, tried 1 step
119 color is feasible, tried 2 step
118 color is feasible, tried 2 step
117 color is feasible, tried 2 step
116 color is feasible, tried 1 step
115 color is feasible, tried 0 step
114 color is feasible, tried 1 step
113 color is feasible, tried 1 step
112 color is feasible, tried 0 step
111 color is feasible, tried 1 step
110 color is feasible, tried 1 step
109 color is feasible, tried 0 step
108 color is feasible, tried 0 step
107 color is feasible, tried 1 step
106 color is feasible, tried 2 step
105 color is feasible, tried 3 step
104 color is feasible, tried 2 step
103 color is feasible, tried 3 step
102 color is feasible, tried 2 step
101 color is feasible, tried 0 step
100 color is feasible, tried 1 step
99 color is feasible, tried 0 step
98 color is feasible, tried 3 step
97 color is feasible, tried 2 step
96 color is feasible, tried 2 step
95 color is feasible, tried 1 step
94 color is feasible, tried 2 step
93 color is feasible, tried 3 step
92 color is feasible, tried 1 step
91 color is feasible, tried 2 step
90 color is feasible, tried 3 step
89 color is feasible, tried 2 step
88 color is feasible, tried 2 step
87 color is feasible, tried 2 step
86 color is feasible, tried 1 step
85 color is feasible, tried 2 step
84 color is feasible, tried 2 step
83 color is feasible, tried 1 step
82 color is feasible, tried 2 step
81 color is feasible, tried 2 step
80 color is feasible, tried 3 step
79 color is feasible, tried 3 step
78 color is feasible, tried 3 step
77 color is feasible, tried 2 step
76 color is feasible, tried 1 step
75 color is feasible, tried 3 step
74 color is feasible, tried 1 step
73 color is feasible, tried 2 step
72 color is feasible, tried 3 step
71 color is feasible, tried 0 step
70 color is feasible, tried 4 step
69 color is feasible, tried 2 step
68 color is feasible, tried 2 step
67 color is feasible, tried 2 step
66 color is feasible, tried 1 step
65 color is feasible, tried 1 step
64 color is feasible, tried 3 step
63 color is feasible, tried 3 step
62 color is feasible, tried 2 step
61 color is feasible, tried 6 step
60 color is feasible, tried 2 step
59 color is feasible, tried 2 step
58 color is feasible, tried 3 step
57 color is feasible, tried 2 step
56 color is feasible, tried 4 step
55 color is feasible, tried 3 step
54 color is feasible, tried 2 step
53 color is feasible, tried 3 step
52 color is feasible, tried 5 step
51 color is feasible, tried 2 step
50 color is feasible, tried 5 step
49 color is feasible, tried 2 step
48 color is feasible, tried 4 step
47 color is feasible, tried 2 step
46 color is feasible, tried 3 step
45 color is feasible, tried 4 step
44 color is feasible, tried 5 step
43 color is feasible, tried 5 step
42 color is feasible, tried 3 step
41 color is feasible, tried 6 step
40 color is feasible, tried 5 step
39 color is feasible, tried 4 step
38 color is feasible, tried 7 step
37 color is feasible, tried 4 step
36 color is feasible, tried 7 step
35 color is feasible, tried 8 step
34 color is feasible, tried 10 step
33 color is feasible, tried 7 step
32 color is feasible, tried 8 step
31 color is feasible, tried 15 step
30 color is feasible, tried 6 step
29 color is feasible, tried 12 step
28 color is feasible, tried 8 step
27 color is feasible, tried 10 step
26 color is feasible, tried 17 step
25 color is feasible, tried 15 step
24 color is feasible, tried 55 step
23 color is feasible, tried 67 step
22 color is feasible, tried 104 step
21 color is feasible, tried 299 step
20 color is feasible, tried 1234 step
[Color   19][Retry     1] reinitializing color
[Color   19][Retry     2] reinitializing color
[Color   19][Retry     3] reinitializing color
[Color   19][Retry     4] reinitializing color
[Color   19][Retry     5] reinitializing color
[Color   19][Retry     6] reinitializing color
[Color   19][Retry     7] reinitializing color
[Color   19][Retry     8] reinitializing color
[Color   19][Retry     9] reinitializing color
[Color   19][Retry    10] reinitializing color
[Color   19][Retry    11] reinitializing color
[Color   19][Retry    12] reinitializing color
[Color   19][Retry    13] reinitializing color
[Color   19][Retry    14] reinitializing color
[Color   19][Retry    15] reinitializing color
[Color   19][Retry    16] reinitializing color
[Color   19][Retry    17] reinitializing color
[Color   19][Retry    18] reinitializing color
[Color   19][Retry    19] reinitializing color
[Color   19][Retry    20] reinitializing color
[Color   19][Retry    21] reinitializing color
[Color   19][Retry    22] reinitializing color
[Color   19][Retry    23] reinitializing color
[Color   19][Retry    24] reinitializing color
[Color   19][Retry    25] reinitializing color
[Color   19][Retry    26] reinitializing color
[Color   19][Retry    27] reinitializing color
[Color   19][Retry    28] reinitializing color
[Color   19][Retry    29] reinitializing color
[Color   19][Retry    30] reinitializing color
[Color   19][Retry    31] reinitializing color
[Color   19][Retry    32] reinitializing color
[Color   19][Retry    33] reinitializing color
[Color   19][Retry    34] reinitializing color
[Color   19][Retry    35] reinitializing color
[Color   19][Retry    36] reinitializing color
[Color   19][Retry    37] reinitializing color
[Color   19][Retry    38] reinitializing color
[Color   19][Retry    39] reinitializing color
[Color   19][Retry    40] reinitializing color
[Color   19][Retry    41] reinitializing color
[Color   19][Retry    42] reinitializing color
[Color   19][Retry    43] reinitializing color
[Color   19][Retry    44] reinitializing color
[Color   19][Retry    45] reinitializing color
[Color   19][Retry    46] reinitializing color
[Color   19][Retry    47] reinitializing color
[Color   19][Retry    48] reinitializing color
[Color   19][Retry    49] reinitializing color
[Color   19][Retry    50] reinitializing color
[Color   19][Retry    51] reinitializing color
[Color   19][Retry    52] reinitializing color
[Color   19][Retry    53] reinitializing color
[Color   19][Retry    54] reinitializing color
[Color   19][Retry    55] reinitializing color
[Color   19][Retry    56] reinitializing color
[Color   19][Retry    57] reinitializing color
[Color   19][Retry    58] reinitializing color
[Color   19][Retry    59] reinitializing color
[Color   19][Retry    60] reinitializing color
[Color   19][Retry    61] reinitializing color
[Color   19][Retry    62] reinitializing color
[Color   19][Retry    63] reinitializing color
[Color   19][Retry    64] reinitializing color
[Color   19][Retry    65] reinitializing color
[Color   19][Retry    66] reinitializing color
[Color   19][Retry    67] reinitializing color
[Color   19][Retry    68] reinitializing color
[Color   19][Retry    69] reinitializing color
[Color   19][Retry    70] reinitializing color
[Color   19][Retry    71] reinitializing color
[Color   19][Retry    72] reinitializing color
[Color   19][Retry    73] reinitializing color
[Color   19][Retry    74] reinitializing color
[Color   19][Retry    75] reinitializing color
[Color   19][Retry    76] reinitializing color
[Color   19][Retry    77] reinitializing color
[Color   19][Retry    78] reinitializing color
[Color   19][Retry    79] reinitializing color
[Color   19][Retry    80] reinitializing color
[Color   19][Retry    81] reinitializing color
[Color   19][Retry    82] reinitializing color
[Color   19][Retry    83] reinitializing color
[Color   19][Retry    84] reinitializing color
[Color   19][Retry    85] reinitializing color
[Color   19][Retry    86] reinitializing color
[Color   19][Retry    87] reinitializing color
[Color   19][Retry    88] reinitializing color
[Color   19][Retry    89] reinitializing color
[Color   19][Retry    90] reinitializing color
[Color   19][Retry    91] reinitializing color
[Color   19][Retry    92] reinitializing color
[Color   19][Retry    93] reinitializing color
[Color   19][Retry    94] reinitializing color
[Color   19][Retry    95] reinitializing color
[Color   19][Retry    96] reinitializing color
[Color   19][Retry    97] reinitializing color
[Color   19][Retry    98] reinitializing color
[Color   19][Retry    99] reinitializing color
20 0
4 5 7 8 7 3 2 6 0 19 6 2 6 12 11 5 11 12 10 11 9 15 14 18 12 9 3 18 1 6 10 12 0 10 7 8 7 17 7 17 5 0 0 19 8 1 5 9 3 16 13 13 1 2 4 2 7 15 1 2 3 19 17 15 10 12 11 17 5 4 4 3 8 5 11 18 2 9 7 7 3 15 13 1 6 16 9 12 4 18 15 14 16 11 5 16 7 16 10 13 14 12 16 18 10 10 19 6 14 11 19 17 0 4 3 6 0 5 17 11 19 4 8 15 4 9 15 2 10 1 6 9 14 2 18 8 16 4 4 9 5 12 6 18 3 16 14 2 18 15 10 19 5 5 1 5 4 13 15 3 13 13 12 17 1 0 15 0 14 16 14 0 6 15 13 6 0 8 16 19 8 14 4 9 2 6 2 17 11 10 1 12 19 19 11 3 4 3 13 17 17 12 15 7 17 16 19 16 2 16 14 15 11 19 11 2 10 18 6 13 17 8 5 7 8 2 4 14 1 11 14 9 14 13 16 0 8 9 1 12 14 6 0 4 15 14 3 1 14 3
