node : 250, edge : 3024
neighbor for each node:
6 11 13 22 25 42 57 65 81 92 93 102 103 111 114 122 123 130 131 137 142 145 149 171 185 189 191 198 206 216 226 231 238 246
5 20 54 55 60 68 79 89 90 97 99 114 121 122 153 164 167 171 192 205 222 232 233 240 247 249
3 5 7 16 22 33 44 45 52 58 99 104 106 113 117 124 133 135 138 141 143 155 167 175 194 202 216 217 228 229 237
2 12 18 27 77 78 85 117 122 123 126 136 162 166 181 196 234 239 245
10 15 19 22 34 40 43 46 48 49 53 56 60 61 79 88 147 170 189 194 198 232 239 248
1 2 6 10 17 28 40 55 59 64 65 71 78 90 98 113 114 117 120 172 173 179 186 191 194 203 210 231 233 248 249
0 5 9 13 15 55 59 84 89 100 101 113 116 135 137 155 157 190 195 215 230 239 244
2 12 14 19 25 30 38 44 54 58 60 72 75 118 125 155 162 163 200 218 219 229 230 237 244
20 33 41 66 71 117 123 126 128 145 157 167 174 175 180 183 187 193 194 227 231 232 235 237 243
6 36 44 54 75 89 91 96 100 107 115 121 136 201 208 214 223
4 5 13 22 34 37 59 60 71 73 109 123 128 152 177 198 200 205 209 222 236 241 247
0 15 17 47 65 70 73 92 96 99 120 126 147 157 158 164 173 175 182 195 232 241
3 7 20 33 38 42 65 68 73 74 89 90 94 96 110 115 117 127 131 134 150 160 176 193 201 213 215 217 240 244 248 249
0 6 10 18 53 80 101 142 147 159 160 163 169 170 177 182 195 197 211 212 213 221 225 226 242
7 34 37 65 94 136 138 152 155 156 161 166 171 186 193 219 230 240 249
4 6 11 28 42 49 50 56 74 80 83 101 109 113 123 124 136 138 140 141 148 149 183 188 194 200 245
2 17 38 55 57 63 64 69 73 104 108 124 128 129 138 140 145 156 168 171 175 183 203 216 228 237 239
5 11 16 22 33 40 49 88 106 107 122 139 153 174 210 215
3 13 26 32 40 49 54 58 65 72 74 89 96 109 113 122 139 145 166 168 189 194 197 210 222 225 236 238
4 7 38 41 47 58 71 76 98 115 135 136 145 156 162 168 174 177 180 200 203 204 211
1 8 12 21 34 54 62 72 86 87 88 100 101 106 169 204 212 224
20 33 34 43 49 53 55 60 61 65 68 72 93 97 103 107 115 124 143 146 151 198 206 208 214 219 234 237 244
0 2 4 10 17 32 35 36 50 53 56 87 89 102 106 121 137 146 152 181 196 197 204 215 218 224 231
30 44 54 64 75 88 107 115 117 120 133 138 159 166 170 172 173 176 186 213 218 231 235 237 243 246
30 45 54 55 62 84 103 111 117 144 146 149 168 173 185 186 197 221 231 246
0 7 29 74 82 98 104 112 115 116 121 140 141 144 160 163 169 172 178 181 192 194 195 200 212 240 241 248
18 38 40 88 91 97 102 118 121 138 144 147 156 157 167 168 186 220 238 240 248
3 30 97 100 117 118 122 127 144 179 189 190 209 210 216 227 231 241 246
5 15 67 85 96 99 120 124 152 156 157 160 187 188 189 193 195 198 200 206 207 210 216 217 236 247
25 31 57 72 86 89 96 97 102 104 107 114 117 119 141 178 181 206 207 222 230
7 23 24 27 35 59 75 83 119 125 132 135 158 172 175 195 233
29 47 50 69 75 83 120 139 153 157 161 192 193 199 212 215 221 235 245
18 22 36 39 40 58 62 68 84 95 104 115 139 155 189 230 232 240 248
2 8 12 17 21 35 51 59 70 79 80 83 88 96 114 117 119 125 129 130 137 145 160 164 178 208 209 210 224
4 10 14 20 21 51 56 57 73 99 114 141 142 145 146 150 160 171 184 188 192 193 197 199 200 207 214 219 231 241 244
22 30 33 42 49 52 53 54 60 66 77 114 122 132 140 145 154 164 174 195 207 228
9 22 32 43 47 66 81 92 95 100 115 116 119 133 142 146 149 151 161 165 176 177 185 194 197 204 219 227 243 245
10 14 43 52 53 55 61 67 70 88 105 115 142 151 152 168 170 184 194 199 230 241 245 247
7 12 16 19 26 54 57 58 62 63 81 84 101 103 110 117 145 157 165 175 200 206 246 249
32 57 89 98 106 117 118 119 146 147 159 165 184 187 194 210 224 229 236 240
4 5 17 18 26 32 60 69 78 83 89 99 107 113 114 137 150 161 186 193 200 224 241
8 19 73 86 106 148 160 194 199 200 201 215 221 222 230 237 240 247 248
0 12 15 35 52 56 60 61 68 77 79 105 113 126 132 169 171 189 197 199 202 204 208 210 214 215 217 233 235 247
4 21 36 37 51 59 63 67 81 83 102 146 158 177 183 201 221 223 233 241 246 248
2 7 9 23 55 60 61 71 81 84 88 105 108 121 181 193 203 210 213 216 237
2 24 48 53 55 77 79 92 98 100 104 112 119 128 133 134 136 150 159 172 173 180 188 190 197 224 236 240
4 53 79 83 89 98 103 125 128 133 135 148 152 157 168 177 192 198 203 207 211
11 19 31 36 60 61 65 126 129 138 139 142 148 165 170 181 187 191 211 228 246 247
4 45 57 66 93 96 107 132 186 192 201 213 227 238 245
4 15 17 18 21 35 50 54 61 103 104 115 134 154 158 178 180 182 187 211 218 241 249
15 22 31 49 51 79 84 93 94 119 120 122 147 161 174 203 213 217 236 240 246
33 34 43 50 65 68 71 72 75 82 88 93 97 112 135 159 175 201 206 212 231 240 242
2 35 37 42 55 56 58 62 76 83 95 111 115 149 159 163 165 185 190 196 210 214 226 236 241
4 13 21 22 35 37 45 46 65 73 78 107 124 128 136 141 169 179 181 197 200 213
1 7 9 18 20 23 24 35 38 49 67 84 95 111 117 120 124 139 142 151 163 177 179 191 196 233
1 5 6 16 21 24 37 44 45 52 61 77 84 113 145 156 166 202 203 205 226
4 15 22 34 42 52 58 59 67 78 81 94 105 108 111 115 132 133 142 143 160 170 208 209 219 224 227 234 249
0 16 29 34 38 39 48 66 82 87 90 98 108 112 116 124 129 154 162 167 186 192 206 208 229 236 237 238 239
2 7 18 19 32 38 52 56 65 70 86 92 97 117 119 122 129 135 170 173 208 214 220 232
5 6 10 30 33 43 56 63 72 82 88 102 113 116 118 122 143 145 161 164 167 170 171 189 205 238 243
1 4 7 10 21 35 40 42 44 47 61 77 90 91 100 103 104 106 110 121 133 139 160 175 206 217 218 239 242 243 244
4 21 37 42 44 47 49 55 60 72 73 98 110 119 122 130 138 148 158 171 180 194 205 207 208 217 230 233 240
20 24 32 38 52 70 90 92 114 121 130 141 147 150 151 153 155 165 168 177 186 194 208 209 222 244
16 38 43 59 78 83 87 100 109 112 114 120 131 140 160 196 207 219 240 246
5 16 23 81 95 96 105 125 133 135 161 169 181 198 232 241 243
0 5 11 12 14 18 21 47 51 53 58 71 76 77 87 89 101 106 109 110 124 131 147 165 167 170 180 195 220 221 226 237 239
8 35 36 48 57 71 78 79 82 100 102 103 106 116 143 144 162 180 187 192 205 230 234 242
28 37 43 54 56 87 97 101 104 119 157 181 185 205 221 222 239 244
1 12 21 32 42 51 70 71 86 87 98 122 136 140 141 144 151 153 167 181 186 188 202 213 217 229 231 234 236 241 242
16 31 40 73 78 79 82 88 99 124 126 134 177 195 201 207 215 241
11 33 37 58 62 68 72 74 80 92 94 96 109 116 120 149 152 160 198 205 233 235 243
5 8 10 19 44 51 65 66 68 76 83 84 102 133 137 138 165 178 179 181 196 198 206 210 213 218 224
7 18 20 21 29 51 59 61 70 78 99 106 132 138 146 150 162 166 169 170 189 206 216 235 237 242
10 11 12 16 34 41 53 61 69 76 82 85 90 97 106 134 142 146 148 154 167 175 176 188 193 202 213 232 233 234 246 247
12 15 18 25 70 98 146 147 149 165 178 181 189 200 206 230 237
7 9 23 30 31 51 84 88 94 97 101 107 108 144 166 181 190 191 193 202 234 247
19 52 65 71 73 92 93 102 109 142 168 170 174 229 231
3 35 42 45 55 60 65 90 101 104 109 110 112 125 138 142 144 186 187 194 201 203 213 221 241 242 249
3 5 40 53 56 63 66 69 72 87 92 108 122 127 131 133 139 171 173 182 211 216 227
1 4 33 42 45 46 50 66 69 94 116 149 162 168 186 192 204 205 212 214 226 227 237 248
13 15 33 70 83 89 93 109 130 132 137 151 163 165 170 175 199 207 213 220 224 234
0 36 38 43 44 56 64 91 115 155 165 183 186 197 199 206 207 212 214 216 223 232
25 51 57 59 66 69 73 106 144 147 167 174 183 194 210 247
15 30 31 33 40 43 46 52 63 71 80 102 106 148 160 175 176 182 196 207 222 226 235 237 238 244 246
6 24 32 38 44 50 54 55 71 75 88 97 109 115 121 160 161 170 185 239 242
3 28 73 88 96 103 105 106 111 112 118 122 130 145 163 165 173 183 184 192 194 208 223 227 239 243
20 29 41 58 68 91 99 126 132 135 140 141 149 152 160 163 177 178 184 188 194 196 198 206 223 226 235 238 244
20 22 57 63 65 67 68 78 92 107 127 131 137 153 156 167 170 197 205 215 216 226 233
4 17 20 23 26 33 37 44 51 59 69 75 84 85 91 123 125 142 173 180 185 192 195 217 229 240 241 249
1 6 9 12 18 22 29 39 40 46 65 80 101 105 108 118 127 146 155 173 176 193 198 220 232 233 237 239 249
1 5 12 57 60 62 73 77 97 105 106 111 112 121 122 124 125 127 136 165 166 172 186 193 199 201 206 209 213 217 219 233 237 248
9 26 60 81 86 88 99 101 109 111 133 139 145 154 164 171 172 190 194 195 197 210 213 234 235
0 11 36 45 58 62 70 76 78 87 127 130 151 152 160 168 173 183 189 194 195 199 209 220 223 246 249
0 21 48 50 51 76 80 111 131 143 145 149 167 175 188 209 213 232 249
12 14 50 56 70 75 79 100 108 128 133 134 159 194 196 229
32 36 52 54 64 97 100 109 111 119 124 127 129 131 134 141 146 160 171 178 179 180 201 208 215 217
9 11 12 18 28 29 33 48 64 70 85 102 121 140 166 176 183 189 204 215 223 237 242
1 21 26 27 29 51 58 67 73 75 84 90 95 106 107 111 119 126 139 143 146 147 151 159 229 248 249
5 19 25 39 45 46 57 61 68 74 114 129 138 146 158 170 178 196 199 206 208 210 237
1 2 11 28 34 40 69 72 86 91 105 121 128 129 146 150 151 217 221 245
6 9 20 27 36 45 60 63 66 94 95 112 114 126 127 128 134 136 139 148 170 175 191 200 215 220 224 230 231
6 13 15 20 38 65 67 75 77 89 91 120 131 134 153 161 169 171 189 216 239 242
0 22 26 29 43 59 66 71 76 83 96 108 110 137 145 175 177 187 192 196 197 221 226 228 233 236 237
0 21 24 38 46 49 60 66 85 121 125 129 158 200 204 220 231 249
2 16 25 29 32 45 49 60 67 77 137 140 143 161 168 188 189 198 215 218 221 230 237 240 241
37 42 44 56 64 85 89 90 99 107 113 128 153 156 174 183 225
2 17 20 22 39 41 60 65 66 72 73 82 83 85 90 97 107 110 115 117 121 122 124 159 174 187 190 191 194 222 236 241 243
9 17 21 23 29 40 48 53 75 87 97 105 106 126 141 145 149 152 184 195 197 200 204 210 220 227 239 247
16 44 56 57 75 78 89 94 102 150 154 157 171 174 177 178 181 197 221 223 243 246
10 15 18 63 65 70 76 77 80 84 91 95 113 130 132 143 148 149 169 192 217 224 228 233
12 38 60 61 65 77 102 106 125 135 156 162 168 207 219 224 230 237 247
0 24 52 54 56 85 90 91 93 95 97 125 132 141 155 159 162 189 191 210 216 228
25 45 51 57 63 77 85 90 100 122 129 135 139 148 149 154 165 179 182 187 226 227 238 242 249
2 5 6 15 18 40 42 55 59 105 109 128 132 169 191 195 212 220 227 230 239 242
0 1 5 29 33 34 35 40 62 63 98 100 122 129 130 134 135 142 145 149 155 167 216 219 225 231 244 248
9 12 19 21 23 25 32 36 37 49 52 56 81 84 106 116 128 138 140 152 154 161 164 166 172 181 182 215 218 224 227 235
6 25 36 57 59 66 70 79 115 133 134 136 197 204 205 212 215 222 231 234 246 247
2 3 5 8 12 23 24 27 29 33 38 39 54 58 106 120 135 143 144 148 152 168 184 188 189 194 200 207 227 229
7 26 27 39 59 85 89 124 137 146 149 170 175 203 211 248
29 30 33 36 39 45 50 58 61 67 95 97 126 145 152 161 179 187 202 207 215 234 243 246
5 11 23 28 31 50 54 63 70 101 117 127 138 180 198 202 211 212 221 233
1 9 22 25 26 44 60 62 84 90 96 99 103 106 142 156 158 171 185 186 206 217 229 236 243 246 249
0 1 3 17 18 27 35 50 58 59 61 68 78 85 90 106 112 114 128 131 132 135 141 147 148 153 157 168 193 222 240 244 248
0 3 8 10 15 88 129 150 182 183 200 212 216 233 244
2 15 16 21 28 53 54 57 65 69 90 95 106 118 128 136 155 178 180 186 195 205 216 233 246 247
7 30 33 46 64 77 88 90 103 110 111 134 147 156 178 216 234
3 8 11 42 47 69 86 97 100 107 119 128 129 131 143 175 181 184 190 197 201 203 215 224 225 234 247 249
12 27 78 87 89 90 92 95 100 120 144 160 176 178 182 188 192 232 236 242 244 249
8 10 16 45 46 53 94 99 100 105 113 115 122 124 126 134 143 148 161 162 167 178 187 191 198 210 212 221 247
16 33 47 57 58 95 98 99 103 112 114 123 126 136 148 154 159 170 173 176 186 189 202 211 221 222 238
0 33 61 62 80 85 92 109 114 131 133 143 155 169 186 192 195 196 199 222 223 233 247
0 12 63 65 78 87 93 95 101 122 126 130 137 143 151 154 164 216 218 226 229 241 246
30 35 42 48 56 72 80 86 109 111 113 122 138 145 162 166 171 174 177 182 187 189 191 202 206 211 220 222 226 237
2 23 36 45 46 56 60 64 71 78 91 94 116 130 141 170 178 188 192 198 207 212 232 241 243 247 249
12 45 49 69 73 94 95 100 101 114 116 125 128 162 165 176 182 190 191 206 226 227 243
2 6 19 30 46 51 58 64 86 110 112 114 117 122 169 185 190 224 239 240
3 9 14 15 19 45 53 68 90 100 116 124 129 141 143 145 174 178 179 188 200 201 216 240
0 6 22 33 40 71 80 87 102 104 118 131 144 152 155 171 178 179 182 186 187 195 199 218 228 231
2 14 15 16 23 26 47 61 71 72 77 98 115 120 132 139 140 143 150 167 172 177 179 180 188 189 194 203 215 222 224 225 230 243
17 18 31 32 47 54 60 78 91 97 100 112 138 147 148 149 160 169 185 189 210 219 220 221 229 233 242
15 16 25 35 63 68 86 96 104 115 138 154 167 169 180 190 195 204 214 225 235
2 15 25 29 34 53 62 68 86 95 107 111 122 133 136 182 188 220 226 227 237 240 244
0 13 34 36 37 47 54 56 73 76 77 88 114 121 146 149 157 159 166 181 192 195 210 219 226 229 230 240 244
2 21 56 59 66 93 97 104 109 117 126 128 130 131 136 138 198 204 208 226 240 246 247
24 25 26 27 66 68 75 77 82 117 127 137 147 165 167 175 184 200 207 221 222 225
0 8 16 18 19 33 34 35 38 55 59 85 91 93 102 107 114 119 132 136 171 173 175 178 205 241
21 22 24 34 36 39 43 72 73 74 89 95 97 98 99 118 142 150 152 173 180 187 194 212 228 232 238 241 247
4 11 13 26 39 50 62 65 74 82 97 122 125 139 144 148 153 155 171 174 179 183 203 220 224 225 232 233 241 244
15 41 46 47 61 73 83 100 109 112 117 122 128 129 139 147 158 159 162 183 184 200 207 209 211 226 246
0 15 24 36 52 70 74 79 86 93 107 109 112 114 118 139 142 160 188 197 202 204 213 223 229 233 241 247 248
12 34 40 45 62 72 99 108 123 138 146 173 183 198 203 205 212 219 228 234 239 240 242 243
21 36 37 54 62 68 80 92 97 99 131 173 191 192 195 200 204 207 210 215 216 217 220 238 245 247
10 14 22 28 37 46 70 86 92 107 115 117 119 137 146 156 160 163 173 179 216 220 234 241 244 248
1 17 31 62 68 87 101 105 122 147 160 164 175 188 189 193 196 199 209 225 235 241 244 249
35 49 57 73 91 108 112 115 129 131 140 174 178 189 203 216 217 226 238
2 6 7 14 32 62 81 89 111 114 124 130 137 147 164 198 237
14 16 19 26 28 55 87 105 110 121 125 152 165 168 186 188 198 210 229 239 246
6 8 11 26 28 31 38 46 67 108 122 142 162 164 169 175 177 179 197 201 209 218 238 241
11 30 43 49 61 98 103 121 148 162 175 196 199 212 215 218 226 229 239 240 245 246
13 23 39 45 51 52 94 97 106 111 129 142 148 170 181 193 196 208 236
12 13 25 28 33 34 41 56 60 63 70 83 84 86 92 95 127 139 149 152 153 163 166 173 184 187 196 221
14 31 36 40 50 59 64 84 101 104 115 119 128 170 192 197 199 212 219 224 230
3 7 19 57 66 72 79 110 111 128 132 134 148 157 158 194 195 211 218 223 228 230 232 239 245
7 13 25 52 54 80 85 86 152 160 203 213 216
1 11 33 35 59 91 115 131 153 155 157 168 186 202 217 231 232 235 242
36 38 39 47 52 62 65 71 74 80 81 85 90 112 134 144 156 169 183 186 207 214 226 241 243
3 14 18 23 55 72 75 90 96 115 132 142 160 171 174 177 193 203 209 227 240 242 245 247
1 2 8 26 57 59 65 68 73 82 87 93 114 128 138 140 144 175 176 212 221 240
16 18 19 24 26 37 46 62 76 79 92 104 110 117 122 156 164 169 171 176 190 191 193 202 209
13 20 25 42 53 64 72 101 109 113 130 135 139 140 157 165 168 196 224 238 240 245 248
4 13 23 37 47 56 58 59 65 72 76 80 84 87 98 100 118 129 133 159 161 177 187 204 208 212 214 215 217 226 229 243 245 248
0 1 14 16 34 42 59 61 78 91 95 101 108 121 132 137 145 147 166 168 173 179 185 195 209 226 231 238
5 23 25 30 45 90 91 115 138 175 187 196 217 222 243 247
5 11 23 24 45 58 78 85 88 89 92 129 145 146 150 151 152 160 171 177 179 180 184 195 200 214 215 237 240 242
8 17 19 35 50 76 82 105 106 108 132 136 147 154 166 175 193 201 203 210 224 232 241 249
2 8 11 16 30 38 51 60 73 80 83 93 100 102 118 126 144 145 153 157 158 167 172 174 184 214 215 221 234 237 242 246
12 23 36 73 83 89 96 127 129 134 167 168 178 185 193 202 203 208 220 223 236
10 13 19 36 43 46 54 62 69 86 102 108 132 138 157 166 170 173 182 213 239 241
25 29 33 49 71 74 86 95 98 108 124 125 127 128 133 136 137 145 154 176 184 218 220 233
5 27 53 54 71 95 112 119 136 137 138 147 152 157 171 173 193 206 226 232 236 243
8 19 45 49 61 65 66 88 95 120 124 138 140 146 173 190 191 209 230 232 236 238 239 244
3 22 25 29 44 47 53 64 67 68 71 74 75 108 115 126 142 159 196 213 226 232
11 13 49 78 83 112 115 123 127 132 134 137 141 177 183 184 190 194 198 201 225 239 242
8 15 16 43 81 82 85 92 96 105 123 147 148 150 165 182 188 207 212 213 229 232
34 37 39 85 86 107 117 126 144 148 160 173 175 178 182 189 206 228 229 231 236 242
0 24 36 52 67 84 88 121 135 139 171 176 200 211 217 223 234 240 247
5 14 23 24 26 40 48 57 62 68 77 79 81 90 121 124 129 130 137 156 164 165 195 208 211 212 221 225 226 231
8 28 39 47 49 66 77 102 106 112 119 128 132 137 146 160 170 172 200 201 220
15 28 34 45 68 73 86 93 104 117 127 133 136 138 141 149 153 156 183 204 206 210 220
0 4 18 27 28 32 42 59 72 74 92 96 101 104 111 117 129 132 138 139 153 154 184 191 201
6 27 45 52 75 91 106 126 134 135 140 168 180 182 200 207 209 221 248
0 5 47 54 75 100 106 111 113 128 132 134 151 168 180 189 209 214 239 246
1 25 31 34 46 48 57 66 79 85 88 102 109 127 130 133 142 151 161 197 207 209 210 218 220 226 243
8 12 14 28 31 34 40 44 73 75 89 90 122 153 159 166 168 174 176 179 197 200 221 223 232 234 242
2 4 5 8 15 18 25 36 37 39 41 61 62 77 82 85 86 91 92 94 106 117 138 146 162 182 205
6 11 13 25 28 30 35 65 69 88 91 92 107 113 124 130 137 140 142 151 162 171 173 186 205 227 240
3 22 52 54 63 71 83 86 94 98 102 130 153 158 159 160 169 172 181 221 236 244
13 18 22 24 34 36 42 45 53 81 87 91 102 107 108 116 126 149 157 161 192 193 206 209 220 221 234
0 4 10 21 28 46 64 70 71 86 89 104 120 128 133 143 150 155 156 182 207 212 217 219 231 245
31 34 37 41 42 80 81 90 92 98 130 137 153 158 161 205 206 212 237 245
7 10 15 19 25 28 34 38 40 41 53 74 100 103 107 117 123 136 144 148 151 173 185 187 190 193 216
9 12 41 43 48 51 69 77 90 95 126 136 157 174 182 187 189 207 209 219 231 242
2 42 55 68 73 75 119 120 129 132 149 164 168 176 217 221 225 234
5 16 19 44 46 50 55 77 118 126 138 147 150 154 163 166 174 176 208 233 242 244 247
19 20 22 36 42 79 96 103 107 116 140 143 149 151 170 188 232
1 10 55 59 61 66 67 70 79 87 116 124 145 150 194 195 199 219 227 230 241
0 21 28 29 38 51 57 60 71 72 74 81 86 90 98 121 132 134 179 184 188 197 199 218 223 232 238 242 244
28 29 34 35 46 61 63 69 80 81 83 110 117 119 133 144 148 151 165 183 190 192 198 201 211 242
9 21 33 42 56 57 58 61 62 85 95 98 143 159 170 176 186 203 227 236
10 27 33 56 62 90 92 93 148 153 157 166 168 171 180 190 191 192 197 201 219 226 232
5 17 18 27 28 33 39 42 44 52 71 82 91 98 107 111 128 139 142 151 156 174 188 192 211 222 235 237 241
13 19 46 47 49 78 118 120 129 132 148 162 185 186 207 210 220 225 230 234 241 245
13 20 25 31 51 79 81 113 116 120 123 128 133 146 150 158 161 167 170 183 186 198 199 214 218 240
12 13 23 44 48 50 53 68 71 73 77 80 90 91 93 149 163 177 181 183 233 237 244 249
9 21 34 42 52 58 79 81 140 165 170 173 175 191 212 216 221 236 246
6 12 17 22 31 41 42 69 87 95 96 100 104 115 116 119 126 138 151 158 170 173 175 217 227 235 244
0 2 16 27 28 44 72 78 81 87 101 111 114 123 124 125 131 136 151 152 154 163 200 214 224 227 244 245
2 12 28 42 50 60 61 68 88 90 95 99 109 121 151 154 164 170 172 185 198 202 215 227 233
7 22 23 49 60 71 104 115 131 137 157 158 162 178 192 206 212 219 236 239 247 248
7 14 21 34 36 56 63 90 110 114 139 142 150 161 198 201 205 209 218 236 238 239
26 58 65 80 89 92 100 103 107 113 132 139 141 147 151 152 176 178 187 188 192 197 211 222 225 226 227 232 234 235 240
13 24 31 41 43 65 67 77 99 102 104 108 120 128 129 139 144 160 167 175 186 190 193 196 197 202 214 223 226 235 243
1 10 18 29 41 62 67 83 106 116 122 129 130 132 138 144 172 210 220 225 244 249
9 43 81 85 86 92 96 108 130 149 162 176 185 193 206 221 230 233 243 247
20 22 33 39 40 45 56 71 80 100 109 110 115 126 135 138 147 161 169 174 216
13 18 105 114 126 138 140 144 147 153 182 186 202 211 220 222 229 233 238
0 13 52 55 65 79 83 86 87 102 112 131 132 134 141 142 143 148 154 158 165 170 171 179 181 186 192 209 220 221 227
8 27 36 48 56 78 79 85 107 112 113 115 117 134 141 166 195 205 208 215 216 217 220 226 229
2 16 35 47 102 109 111 137 146 150 162 184 242 244
2 7 39 57 68 76 88 94 97 117 121 131 139 142 149 156 158 170 183 184 225 227 239 248
6 7 14 29 32 37 41 61 66 74 100 104 110 113 138 142 161 162 180 205 211 223 240 242 247
0 5 8 22 23 24 27 34 51 68 76 100 103 114 116 137 164 171 184 186 198 201 234
1 4 8 11 32 58 64 73 81 89 93 127 133 146 147 162 164 174 179 180 181 183 193 204 206 209 220 239 243
1 5 30 42 43 54 61 70 73 87 89 90 102 109 120 123 124 130 139 147 149 178 203 213 217 223 225 234
3 21 56 66 68 73 75 80 91 116 119 125 126 150 152 175 185 193 197 202 211 220 231 233
8 23 31 42 70 72 83 86 91 115 140 153 164 210 215 220 221 236 243 249
10 18 28 39 45 50 52 57 68 102 106 121 127 159 176 179 180 184 196 208 214 218 219 235
2 7 8 16 21 23 41 44 57 65 72 74 79 83 89 90 96 98 102 104 110 132 141 155 173 175 199 210 213
0 18 26 48 57 59 83 86 112 129 146 151 154 157 169 171 180 206 219 225 242
3 4 6 16 57 60 65 67 84 85 89 101 107 113 135 150 156 158 162 177 180 182 191 218 219 229 232 240
1 12 14 25 26 32 39 41 45 50 51 61 63 88 104 122 135 136 141 142 143 150 158 166 167 169 173 185 195 212 220 230 239
10 11 25 27 34 37 40 43 49 52 64 68 69 77 88 104 106 131 133 145 146 147 149 152 153 157 165 174 177 205 210 211 242
13 51 60 66 68 72 77 84 96 101 112 113 127 139 150 164 166 173 175 182 184 193 201 203 206 207 228 230 238 241
8 23 36 59 60 64 70 85 106 108 119 121 133 134 138 150 165 170 172 179 192 221 223 232 235
6 7 12 21 34 60 62 67 83 86 114 122 123 127 141 142 147 152 153 180 196 203 206 213 215 216 222 228
3 15 31 36 37 48 99 151 158 162 166 169 170 198 199 211 216
0 23 24 27 38 43 47 50 63 73 83 92 108 116 119 121 124 131 143 148 156 158 175 191 214
1 10 28 37 41 42 47 73 75 82 107 110 116 124 126 128 130 133 143 146 149 151 166 172 185 203 218 223 230
4 5 12 25 26 32 41 43 79 90 97 114 118 122 149 152 169 170 190 218 229 249
1 5 12 14 38 49 56 77 88 89 92 93 97 103 112 121 126 127 133 153 174 213 222 235 248

250 color is feasible, tried 10 step
249 color is feasible, tried 0 step
248 color is feasible, tried 1 step
247 color is feasible, tried 0 step
246 color is feasible, tried 0 step
245 color is feasible, tried 0 step
244 color is feasible, tried 0 step
243 color is feasible, tried 0 step
242 color is feasible, tried 0 step
241 color is feasible, tried 0 step
240 color is feasible, tried 0 step
239 color is feasible, tried 0 step
238 color is feasible, tried 0 step
237 color is feasible, tried 0 step
236 color is feasible, tried 0 step
235 color is feasible, tried 0 step
234 color is feasible, tried 1 step
233 color is feasible, tried 0 step
232 color is feasible, tried 0 step
231 color is feasible, tried 0 step
230 color is feasible, tried 0 step
229 color is feasible, tried 0 step
228 color is feasible, tried 0 step
227 color is feasible, tried 0 step
226 color is feasible, tried 0 step
225 color is feasible, tried 0 step
224 color is feasible, tried 1 step
223 color is feasible, tried 1 step
222 color is feasible, tried 0 step
221 color is feasible, tried 0 step
220 color is feasible, tried 0 step
219 color is feasible, tried 0 step
218 color is feasible, tried 0 step
217 color is feasible, tried 0 step
216 color is feasible, tried 0 step
215 color is feasible, tried 0 step
214 color is feasible, tried 0 step
213 color is feasible, tried 0 step
212 color is feasible, tried 0 step
211 color is feasible, tried 0 step
210 color is feasible, tried 0 step
209 color is feasible, tried 0 step
208 color is feasible, tried 0 step
207 color is feasible, tried 0 step
206 color is feasible, tried 1 step
205 color is feasible, tried 1 step
204 color is feasible, tried 0 step
203 color is feasible, tried 0 step
202 color is feasible, tried 0 step
201 color is feasible, tried 0 step
200 color is feasible, tried 0 step
199 color is feasible, tried 1 step
198 color is feasible, tried 1 step
197 color is feasible, tried 0 step
196 color is feasible, tried 0 step
195 color is feasible, tried 0 step
194 color is feasible, tried 0 step
193 color is feasible, tried 0 step
192 color is feasible, tried 0 step
191 color is feasible, tried 1 step
190 color is feasible, tried 0 step
189 color is feasible, tried 2 step
188 color is feasible, tried 0 step
187 color is feasible, tried 0 step
186 color is feasible, tried 0 step
185 color is feasible, tried 1 step
184 color is feasible, tried 0 step
183 color is feasible, tried 0 step
182 color is feasible, tried 1 step
181 color is feasible, tried 0 step
180 color is feasible, tried 0 step
179 color is feasible, tried 1 step
178 color is feasible, tried 0 step
177 color is feasible, tried 0 step
176 color is feasible, tried 0 step
175 color is feasible, tried 1 step
174 color is feasible, tried 0 step
173 color is feasible, tried 0 step
172 color is feasible, tried 0 step
171 color is feasible, tried 0 step
170 color is feasible, tried 0 step
169 color is feasible, tried 0 step
168 color is feasible, tried 1 step
167 color is feasible, tried 1 step
166 color is feasible, tried 0 step
165 color is feasible, tried 0 step
164 color is feasible, tried 0 step
163 color is feasible, tried 2 step
162 color is feasible, tried 0 step
161 color is feasible, tried 2 step
160 color is feasible, tried 0 step
159 color is feasible, tried 0 step
158 color is feasible, tried 0 step
157 color is feasible, tried 1 step
156 color is feasible, tried 0 step
155 color is feasible, tried 0 step
154 color is feasible, tried 0 step
153 color is feasible, tried 0 step
152 color is feasible, tried 0 step
151 color is feasible, tried 0 step
150 color is feasible, tried 0 step
149 color is feasible, tried 0 step
148 color is feasible, tried 0 step
147 color is feasible, tried 1 step
146 color is feasible, tried 0 step
145 color is feasible, tried 0 step
144 color is feasible, tried 0 step
143 color is feasible, tried 0 step
142 color is feasible, tried 0 step
141 color is feasible, tried 1 step
140 color is feasible, tried 0 step
139 color is feasible, tried 0 step
138 color is feasible, tried 0 step
137 color is feasible, tried 0 step
136 color is feasible, tried 0 step
135 color is feasible, tried 0 step
134 color is feasible, tried 0 step
133 color is feasible, tried 0 step
132 color is feasible, tried 0 step
131 color is feasible, tried 0 step
130 color is feasible, tried 0 step
129 color is feasible, tried 0 step
128 color is feasible, tried 0 step
127 color is feasible, tried 1 step
126 color is feasible, tried 0 step
125 color is feasible, tried 0 step
124 color is feasible, tried 1 step
123 color is feasible, tried 1 step
122 color is feasible, tried 1 step
121 color is feasible, tried 0 step
120 color is feasible, tried 0 step
119 color is feasible, tried 0 step
118 color is feasible, tried 0 step
117 color is feasible, tried 1 step
116 color is feasible, tried 0 step
115 color is feasible, tried 0 step
114 color is feasible, tried 0 step
113 color is feasible, tried 0 step
112 color is feasible, tried 0 step
111 color is feasible, tried 0 step
110 color is feasible, tried 0 step
109 color is feasible, tried 0 step
108 color is feasible, tried 0 step
107 color is feasible, tried 1 step
106 color is feasible, tried 1 step
105 color is feasible, tried 0 step
104 color is feasible, tried 0 step
103 color is feasible, tried 0 step
102 color is feasible, tried 0 step
101 color is feasible, tried 0 step
100 color is feasible, tried 2 step
99 color is feasible, tried 1 step
98 color is feasible, tried 0 step
97 color is feasible, tried 0 step
96 color is feasible, tried 3 step
95 color is feasible, tried 1 step
94 color is feasible, tried 0 step
93 color is feasible, tried 1 step
92 color is feasible, tried 0 step
91 color is feasible, tried 1 step
90 color is feasible, tried 0 step
89 color is feasible, tried 0 step
88 color is feasible, tried 0 step
87 color is feasible, tried 1 step
86 color is feasible, tried 0 step
85 color is feasible, tried 0 step
84 color is feasible, tried 1 step
83 color is feasible, tried 1 step
82 color is feasible, tried 2 step
81 color is feasible, tried 2 step
80 color is feasible, tried 0 step
79 color is feasible, tried 0 step
78 color is feasible, tried 0 step
77 color is feasible, tried 0 step
76 color is feasible, tried 0 step
75 color is feasible, tried 0 step
74 color is feasible, tried 2 step
73 color is feasible, tried 1 step
72 color is feasible, tried 2 step
71 color is feasible, tried 1 step
70 color is feasible, tried 2 step
69 color is feasible, tried 1 step
68 color is feasible, tried 1 step
67 color is feasible, tried 2 step
66 color is feasible, tried 2 step
65 color is feasible, tried 0 step
64 color is feasible, tried 1 step
63 color is feasible, tried 1 step
62 color is feasible, tried 2 step
61 color is feasible, tried 1 step
60 color is feasible, tried 1 step
59 color is feasible, tried 1 step
58 color is feasible, tried 1 step
57 color is feasible, tried 2 step
56 color is feasible, tried 3 step
55 color is feasible, tried 1 step
54 color is feasible, tried 0 step
53 color is feasible, tried 0 step
52 color